Date	Day	result
2004/12/31	Friday	[15, 18, 22, 23, 27, 30, 11]
2004/12/30	Thursday	[5, 20, 26, 29, 37, 45, 47]
2004/12/29	Wednesday	[8, 11, 17, 18, 35, 45, 30]
2004/12/28	Tuesday	[15, 21, 30, 34, 42, 49, 47]
2004/12/27	Monday	[3, 4, 22, 23, 30, 38, 1]
2004/12/26	Sunday	[7, 12, 16, 20, 46, 48, 23]
2004/12/22	Wednesday	[12, 13, 21, 30, 33, 46, 36]
2004/12/21	Tuesday	[4, 17, 35, 37, 42, 45, 16]
2004/12/20	Monday	[16, 24, 26, 41, 42, 43, 9]
2004/12/19	Sunday	[4, 5, 13, 44, 45, 49, 42]
2004/12/18	Saturday	[4, 11, 37, 43, 46, 47, 19]
2004/12/17	Friday	[1, 2, 4, 9, 11, 21, 3]
2004/12/16	Thursday	[9, 12, 13, 22, 27, 42, 15]
2004/12/15	Wednesday	[1, 6, 36, 43, 47, 48, 27]
2004/12/14	Tuesday	[12, 23, 32, 37, 44, 49, 38]
2004/12/13	Monday	[3, 15, 25, 27, 32, 44, 13]
2004/12/12	Sunday	[12, 14, 17, 26, 34, 35, 45]
2004/12/11	Saturday	[6, 24, 30, 36, 42, 43, 7]
2004/12/10	Friday	[3, 5, 10, 15, 18, 43, 25]
2004/12/9	Thursday	[11, 19, 33, 34, 47, 48, 38]
2004/12/8	Wednesday	[7, 9, 14, 25, 28, 45, 17]
2004/12/7	Tuesday	[13, 14, 19, 32, 37, 47, 45]
2004/12/6	Monday	[9, 15, 33, 36, 37, 48, 6]
2004/12/5	Sunday	[5, 7, 18, 24, 33, 41, 39]
2004/12/4	Saturday	[22, 28, 39, 41, 43, 48, 26]
2004/12/3	Friday	[5, 9, 22, 24, 36, 37, 21]
2004/12/2	Thursday	[1, 4, 13, 15, 22, 24, 35]
2004/12/1	Wednesday	[5, 13, 17, 21, 30, 47, 46]
2004/11/30	Tuesday	[9, 11, 25, 32, 42, 44, 2]
2004/11/29	Monday	[4, 7, 21, 29, 35, 47, 23]
2004/11/28	Sunday	[4, 7, 10, 11, 22, 35, 1]
2004/11/27	Saturday	[3, 4, 7, 13, 24, 31, 46]
2004/11/26	Friday	[4, 9, 29, 30, 31, 44, 26]
2004/11/25	Thursday	[3, 17, 38, 39, 40, 41, 42]
2004/11/24	Wednesday	[7, 8, 9, 18, 22, 41, 2]
2004/11/23	Tuesday	[17, 28, 30, 36, 42, 49, 8]
2004/11/22	Monday	[5, 20, 24, 30, 31, 39, 14]
2004/11/21	Sunday	[8, 15, 20, 27, 38, 41, 30]
2004/11/20	Saturday	[1, 3, 8, 27, 30, 31, 23]
2004/11/19	Friday	[3, 4, 5, 9, 16, 18, 32]
2004/11/18	Thursday	[2, 3, 4, 7, 12, 45, 47]
2004/11/17	Wednesday	[2, 16, 28, 31, 38, 39, 22]
2004/11/16	Tuesday	[18, 22, 31, 40, 47, 48, 46]
2004/11/15	Monday	[6, 14, 18, 33, 35, 38, 40]
2004/11/14	Sunday	[7, 21, 23, 25, 36, 39, 1]
2004/11/13	Saturday	[1, 3, 9, 16, 17, 31, 18]
2004/11/12	Friday	[1, 11, 26, 28, 34, 45, 31]
2004/11/11	Thursday	[1, 13, 29, 40, 45, 48, 4]
2004/11/10	Wednesday	[3, 10, 14, 17, 23, 49, 26]
2004/11/9	Tuesday	[4, 33, 34, 43, 47, 48, 46]
2004/11/8	Monday	[14, 18, 24, 30, 47, 49, 19]
2004/11/7	Sunday	[1, 3, 8, 23, 25, 32, 10]
2004/11/6	Saturday	[4, 5, 8, 20, 30, 41, 1]
2004/11/5	Friday	[8, 13, 33, 36, 39, 45, 35]
2004/11/4	Thursday	[2, 7, 10, 20, 43, 46, 39]
2004/11/3	Wednesday	[3, 30, 35, 38, 39, 40, 21]
2004/11/2	Tuesday	[5, 7, 28, 37, 43, 47, 9]
2004/11/1	Monday	[10, 31, 34, 37, 42, 48, 4]
2004/10/31	Sunday	[5, 8, 33, 40, 45, 48, 18]
2004/10/30	Saturday	[9, 13, 28, 32, 34, 35, 25]
2004/10/29	Friday	[19, 25, 27, 31, 32, 46, 8]
2004/10/28	Thursday	[8, 9, 19, 21, 36, 42, 10]
2004/10/27	Wednesday	[1, 6, 13, 24, 31, 40, 10]
2004/10/26	Tuesday	[3, 15, 18, 23, 29, 36, 41]
2004/10/25	Monday	[11, 15, 19, 23, 32, 42, 49]
2004/10/24	Sunday	[2, 9, 14, 21, 36, 45, 3]
2004/10/23	Saturday	[4, 7, 17, 21, 24, 49, 36]
2004/10/22	Friday	[4, 13, 14, 22, 26, 45, 20]
2004/10/21	Thursday	[1, 5, 36, 38, 44, 49, 7]
2004/10/20	Wednesday	[3, 16, 19, 38, 45, 49, 22]
2004/10/19	Tuesday	[1, 15, 16, 29, 36, 37, 48]
2004/10/18	Monday	[1, 22, 23, 25, 28, 36, 37]
2004/10/17	Sunday	[14, 19, 21, 36, 40, 41, 35]
2004/10/16	Saturday	[4, 22, 30, 35, 37, 45, 5]
2004/10/15	Friday	[1, 13, 15, 20, 31, 41, 24]
2004/10/14	Thursday	[2, 7, 15, 18, 35, 40, 28]
2004/10/13	Wednesday	[12, 16, 23, 28, 30, 36, 46]
2004/10/12	Tuesday	[11, 19, 26, 33, 39, 42, 24]
2004/10/11	Monday	[8, 26, 28, 30, 36, 48, 44]
2004/10/10	Sunday	[2, 7, 8, 35, 46, 48, 15]
2004/10/9	Saturday	[12, 20, 27, 31, 36, 37, 38]
2004/10/8	Friday	[7, 13, 28, 31, 34, 45, 44]
2004/10/7	Thursday	[2, 5, 11, 22, 42, 49, 31]
2004/10/6	Wednesday	[6, 10, 15, 27, 44, 49, 47]
2004/10/5	Tuesday	[3, 8, 22, 27, 44, 48, 20]
2004/10/4	Monday	[7, 8, 12, 17, 23, 44, 22]
2004/10/3	Sunday	[3, 10, 21, 25, 26, 27, 24]
2004/10/2	Saturday	[12, 20, 26, 28, 41, 43, 44]
2004/10/1	Friday	[23, 24, 26, 30, 36, 43, 2]
2004/9/30	Thursday	[9, 22, 25, 34, 42, 46, 19]
2004/9/29	Wednesday	[1, 24, 25, 33, 35, 49, 31]
2004/9/28	Tuesday	[1, 13, 21, 26, 28, 37, 24]
2004/9/27	Monday	[16, 21, 39, 40, 41, 48, 14]
2004/9/26	Sunday	[13, 19, 21, 26, 29, 47, 3]
2004/9/25	Saturday	[3, 7, 26, 31, 45, 47, 48]
2004/9/24	Friday	[11, 25, 30, 33, 44, 49, 40]
2004/9/23	Thursday	[4, 8, 19, 29, 30, 36, 9]
2004/9/22	Wednesday	[1, 3, 30, 34, 35, 39, 13]
2004/9/21	Tuesday	[8, 10, 13, 20, 21, 48, 32]
2004/9/20	Monday	[13, 37, 38, 40, 47, 49, 30]
2004/9/19	Sunday	[2, 5, 12, 21, 31, 48, 25]
2004/9/18	Saturday	[12, 17, 20, 26, 35, 39, 1]
2004/9/17	Friday	[13, 18, 25, 26, 32, 43, 7]
2004/9/16	Thursday	[3, 9, 17, 29, 31, 34, 24]
2004/9/15	Wednesday	[9, 13, 23, 25, 40, 42, 32]
2004/9/14	Tuesday	[2, 14, 22, 32, 39, 42, 4]
2004/9/13	Monday	[8, 28, 32, 36, 41, 45, 6]
2004/9/12	Sunday	[3, 20, 23, 24, 27, 29, 42]
2004/9/11	Saturday	[8, 13, 16, 23, 31, 35, 39]
2004/9/10	Friday	[12, 15, 20, 35, 37, 43, 34]
2004/9/9	Thursday	[6, 14, 23, 34, 46, 48, 8]
2004/9/8	Wednesday	[7, 11, 17, 26, 28, 43, 14]
2004/9/7	Tuesday	[11, 13, 28, 30, 32, 47, 17]
2004/9/6	Monday	[3, 9, 11, 17, 19, 42, 10]
2004/9/5	Sunday	[5, 6, 25, 30, 40, 44, 39]
2004/9/4	Saturday	[1, 5, 12, 20, 23, 46, 7]
2004/9/3	Friday	[3, 6, 7, 16, 33, 37, 18]
2004/9/2	Thursday	[8, 12, 20, 30, 35, 46, 42]
2004/9/1	Wednesday	[2, 5, 8, 19, 30, 44, 20]
2004/8/31	Tuesday	[10, 18, 27, 36, 40, 46, 22]
2004/8/30	Monday	[17, 23, 32, 33, 39, 48, 37]
2004/8/29	Sunday	[11, 17, 20, 35, 45, 47, 26]
2004/8/28	Saturday	[2, 3, 28, 41, 44, 49, 46]
2004/8/27	Friday	[4, 10, 11, 18, 24, 27, 41]
2004/8/26	Thursday	[19, 20, 29, 35, 37, 49, 18]
2004/8/25	Wednesday	[7, 9, 18, 29, 40, 47, 21]
2004/8/24	Tuesday	[2, 10, 13, 31, 33, 37, 40]
2004/8/23	Monday	[5, 20, 32, 36, 40, 47, 3]
2004/8/22	Sunday	[6, 8, 22, 27, 42, 49, 12]
2004/8/21	Saturday	[1, 16, 21, 35, 39, 47, 46]
2004/8/20	Friday	[2, 20, 28, 31, 32, 40, 11]
2004/8/19	Thursday	[16, 21, 35, 38, 42, 44, 5]
2004/8/18	Wednesday	[14, 18, 20, 21, 22, 23, 32]
2004/8/17	Tuesday	[1, 11, 12, 38, 43, 44, 19]
2004/8/16	Monday	[2, 4, 6, 32, 37, 46, 47]
2004/8/15	Sunday	[1, 11, 12, 18, 24, 47, 33]
2004/8/14	Saturday	[16, 17, 20, 25, 44, 45, 46]
2004/8/13	Friday	[10, 16, 31, 32, 37, 42, 43]
2004/8/12	Thursday	[2, 20, 26, 36, 42, 49, 30]
2004/8/11	Wednesday	[16, 24, 36, 43, 46, 48, 37]
2004/8/10	Tuesday	[1, 12, 27, 33, 41, 45, 38]
2004/8/9	Monday	[5, 6, 28, 31, 32, 47, 39]
2004/8/8	Sunday	[6, 9, 10, 30, 34, 41, 29]
2004/8/7	Saturday	[12, 13, 14, 17, 22, 43, 34]
2004/8/6	Friday	[6, 7, 12, 26, 34, 49, 37]
2004/8/5	Thursday	[6, 11, 13, 22, 28, 40, 18]
2004/8/4	Wednesday	[12, 30, 31, 36, 47, 49, 44]
2004/8/3	Tuesday	[3, 7, 24, 41, 44, 46, 27]
2004/8/2	Monday	[1, 9, 20, 32, 38, 44, 14]
2004/8/1	Sunday	[1, 24, 29, 31, 38, 42, 45]
2004/7/31	Saturday	[17, 24, 38, 41, 43, 47, 25]
2004/7/30	Friday	[12, 25, 26, 32, 38, 42, 45]
2004/7/29	Thursday	[3, 12, 31, 32, 48, 49, 29]
2004/7/28	Wednesday	[4, 11, 30, 34, 45, 47, 22]
2004/7/27	Tuesday	[5, 16, 24, 31, 35, 49, 7]
2004/7/26	Monday	[8, 12, 13, 20, 35, 37, 23]
2004/7/25	Sunday	[5, 27, 31, 36, 40, 43, 28]
2004/7/24	Saturday	[2, 12, 15, 20, 25, 40, 39]
2004/7/23	Friday	[24, 37, 38, 40, 45, 47, 8]
2004/7/22	Thursday	[3, 25, 28, 29, 33, 45, 13]
2004/7/21	Wednesday	[3, 8, 27, 31, 32, 44, 29]
2004/7/20	Tuesday	[3, 5, 31, 35, 41, 48, 26]
2004/7/19	Monday	[1, 2, 4, 15, 26, 33, 29]
2004/7/18	Sunday	[4, 8, 9, 12, 14, 34, 26]
2004/7/17	Saturday	[7, 8, 18, 35, 43, 49, 30]
2004/7/16	Friday	[6, 8, 19, 27, 28, 30, 33]
2004/7/15	Thursday	[6, 10, 17, 19, 31, 39, 38]
2004/7/14	Wednesday	[3, 5, 21, 27, 35, 43, 37]
2004/7/13	Tuesday	[7, 16, 24, 36, 40, 49, 47]
2004/7/12	Monday	[6, 9, 11, 12, 21, 49, 8]
2004/7/11	Sunday	[16, 17, 26, 28, 33, 34, 19]
2004/7/10	Saturday	[3, 7, 9, 15, 21, 36, 33]
2004/7/9	Friday	[6, 7, 9, 26, 30, 46, 16]
2004/7/8	Thursday	[5, 14, 18, 20, 36, 40, 32]
2004/7/7	Wednesday	[6, 7, 33, 34, 39, 44, 48]
2004/7/6	Tuesday	[1, 8, 21, 26, 31, 40, 13]
2004/7/5	Monday	[5, 28, 34, 35, 44, 45, 8]
2004/7/4	Sunday	[8, 21, 28, 31, 41, 48, 43]
2004/7/3	Saturday	[5, 7, 17, 24, 29, 46, 48]
2004/7/2	Friday	[10, 13, 18, 23, 34, 45, 27]
2004/7/1	Thursday	[2, 11, 14, 26, 28, 46, 24]
2004/6/30	Wednesday	[5, 20, 24, 45, 46, 49, 43]
2004/6/29	Tuesday	[6, 8, 12, 15, 48, 49, 26]
2004/6/28	Monday	[9, 15, 16, 29, 42, 43, 40]
2004/6/27	Sunday	[2, 18, 28, 31, 36, 38, 1]
2004/6/26	Saturday	[2, 14, 21, 44, 45, 47, 1]
2004/6/25	Friday	[14, 25, 30, 31, 41, 47, 34]
2004/6/24	Thursday	[13, 14, 31, 32, 36, 48, 46]
2004/6/23	Wednesday	[9, 16, 31, 37, 47, 48, 26]
2004/6/22	Tuesday	[1, 8, 18, 22, 25, 31, 23]
2004/6/21	Monday	[10, 28, 36, 38, 39, 46, 7]
2004/6/20	Sunday	[10, 16, 18, 28, 34, 46, 24]
2004/6/19	Saturday	[10, 11, 13, 15, 32, 42, 2]
2004/6/18	Friday	[3, 23, 29, 34, 37, 45, 19]
2004/6/17	Thursday	[7, 8, 20, 29, 33, 40, 13]
2004/6/16	Wednesday	[10, 22, 26, 32, 41, 43, 13]
2004/6/15	Tuesday	[3, 31, 40, 41, 46, 48, 8]
2004/6/14	Monday	[10, 14, 17, 23, 28, 29, 1]
2004/6/13	Sunday	[11, 29, 30, 36, 43, 48, 12]
2004/6/12	Saturday	[17, 23, 32, 38, 41, 49, 12]
2004/6/11	Friday	[12, 32, 36, 41, 44, 48, 3]
2004/6/10	Thursday	[14, 15, 21, 23, 32, 47, 8]
2004/6/9	Wednesday	[12, 24, 25, 31, 43, 44, 26]
2004/6/8	Tuesday	[10, 14, 22, 25, 32, 37, 27]
2004/6/7	Monday	[15, 19, 24, 30, 39, 48, 36]
2004/6/6	Sunday	[13, 15, 27, 29, 34, 43, 45]
2004/6/5	Saturday	[3, 7, 14, 17, 21, 25, 44]
2004/6/4	Friday	[13, 15, 38, 42, 45, 48, 34]
2004/6/3	Thursday	[12, 27, 29, 36, 37, 44, 14]
2004/6/2	Wednesday	[7, 28, 30, 34, 44, 45, 19]
2004/6/1	Tuesday	[1, 8, 25, 27, 33, 43, 18]
2004/5/31	Monday	[11, 14, 35, 37, 42, 48, 43]
2004/5/30	Sunday	[7, 9, 18, 23, 32, 34, 8]
2004/5/29	Saturday	[2, 11, 14, 40, 48, 49, 27]
2004/5/28	Friday	[26, 30, 39, 42, 47, 49, 28]
2004/5/27	Thursday	[3, 23, 29, 30, 32, 39, 45]
2004/5/26	Wednesday	[6, 10, 36, 38, 40, 41, 32]
2004/5/25	Tuesday	[10, 18, 20, 29, 30, 48, 26]
2004/5/24	Monday	[11, 19, 32, 34, 39, 40, 1]
2004/5/23	Sunday	[15, 26, 33, 35, 38, 45, 40]
2004/5/22	Saturday	[13, 16, 17, 27, 38, 45, 33]
2004/5/21	Friday	[3, 10, 13, 14, 28, 35, 48]
2004/5/20	Thursday	[8, 20, 24, 26, 30, 33, 6]
2004/5/19	Wednesday	[20, 24, 33, 34, 43, 46, 27]
2004/5/18	Tuesday	[8, 11, 18, 21, 29, 37, 26]
2004/5/17	Monday	[2, 12, 13, 23, 24, 45, 18]
2004/5/16	Sunday	[11, 17, 29, 45, 46, 47, 20]
2004/5/15	Saturday	[1, 2, 6, 19, 32, 42, 33]
2004/5/14	Friday	[10, 18, 23, 24, 31, 38, 17]
2004/5/13	Thursday	[1, 18, 20, 21, 23, 43, 40]
2004/5/12	Wednesday	[6, 15, 19, 39, 46, 48, 14]
2004/5/11	Tuesday	[2, 10, 12, 19, 27, 39, 46]
2004/5/10	Monday	[4, 6, 14, 18, 37, 39, 3]
2004/5/9	Sunday	[1, 5, 36, 39, 42, 47, 9]
2004/5/8	Saturday	[1, 6, 13, 25, 27, 37, 16]
2004/5/7	Friday	[5, 6, 13, 14, 25, 37, 3]
2004/5/6	Thursday	[6, 23, 31, 43, 44, 48, 12]
2004/5/5	Wednesday	[11, 16, 24, 27, 33, 34, 46]
2004/5/4	Tuesday	[15, 34, 39, 44, 45, 47, 4]
2004/5/3	Monday	[3, 4, 28, 35, 40, 49, 30]
2004/5/2	Sunday	[1, 10, 20, 30, 31, 42, 27]
2004/5/1	Saturday	[3, 12, 18, 23, 26, 46, 28]
2004/4/30	Friday	[1, 5, 16, 21, 23, 30, 38]
2004/4/29	Thursday	[1, 8, 13, 29, 33, 39, 5]
2004/4/28	Wednesday	[12, 13, 17, 23, 34, 45, 2]
2004/4/27	Tuesday	[6, 18, 31, 33, 43, 46, 29]
2004/4/26	Monday	[9, 20, 40, 43, 46, 49, 47]
2004/4/25	Sunday	[11, 20, 27, 32, 33, 46, 34]
2004/4/24	Saturday	[13, 19, 27, 30, 44, 47, 38]
2004/4/23	Friday	[8, 19, 29, 36, 37, 38, 2]
2004/4/22	Thursday	[3, 4, 21, 22, 25, 46, 23]
2004/4/21	Wednesday	[21, 23, 30, 42, 46, 49, 48]
2004/4/20	Tuesday	[11, 15, 22, 24, 28, 34, 44]
2004/4/19	Monday	[7, 18, 27, 29, 33, 38, 22]
2004/4/18	Sunday	[16, 22, 26, 29, 32, 35, 46]
2004/4/17	Saturday	[9, 13, 15, 35, 38, 40, 39]
2004/4/16	Friday	[2, 13, 15, 21, 37, 44, 36]
2004/4/15	Thursday	[8, 12, 21, 32, 36, 43, 4]
2004/4/14	Wednesday	[7, 10, 17, 33, 43, 47, 16]
2004/4/13	Tuesday	[3, 9, 16, 37, 38, 40, 49]
2004/4/12	Monday	[20, 27, 28, 30, 45, 46, 35]
2004/4/11	Sunday	[11, 14, 16, 20, 21, 24, 31]
2004/4/10	Saturday	[12, 21, 23, 26, 37, 47, 49]
2004/4/8	Thursday	[4, 5, 24, 26, 41, 45, 1]
2004/4/7	Wednesday	[1, 4, 7, 13, 22, 34, 32]
2004/4/6	Tuesday	[6, 20, 26, 31, 39, 43, 40]
2004/4/5	Monday	[2, 13, 21, 26, 31, 44, 8]
2004/4/4	Sunday	[3, 6, 26, 28, 38, 46, 31]
2004/4/3	Saturday	[17, 20, 32, 33, 43, 47, 15]
2004/4/2	Friday	[2, 7, 21, 34, 38, 39, 19]
2004/4/1	Thursday	[2, 5, 12, 18, 28, 31, 39]
2004/3/31	Wednesday	[15, 16, 22, 25, 31, 45, 38]
2004/3/30	Tuesday	[10, 25, 27, 36, 41, 42, 26]
2004/3/29	Monday	[2, 4, 8, 10, 23, 24, 18]
2004/3/28	Sunday	[13, 30, 36, 39, 40, 46, 32]
2004/3/27	Saturday	[3, 6, 10, 26, 35, 47, 39]
2004/3/26	Friday	[5, 11, 27, 28, 33, 42, 32]
2004/3/25	Thursday	[1, 14, 22, 27, 32, 37, 24]
2004/3/24	Wednesday	[9, 19, 24, 44, 45, 46, 2]
2004/3/23	Tuesday	[6, 13, 29, 38, 47, 48, 31]
2004/3/22	Monday	[3, 9, 30, 38, 43, 49, 45]
2004/3/21	Sunday	[3, 13, 25, 28, 37, 41, 4]
2004/3/20	Saturday	[9, 12, 16, 22, 39, 48, 18]
2004/3/19	Friday	[8, 14, 23, 36, 40, 46, 5]
2004/3/18	Thursday	[1, 21, 30, 35, 45, 47, 42]
2004/3/17	Wednesday	[6, 22, 23, 25, 42, 44, 26]
2004/3/16	Tuesday	[23, 29, 36, 38, 39, 43, 40]
2004/3/15	Monday	[2, 8, 14, 19, 24, 26, 5]
2004/3/14	Sunday	[1, 4, 19, 33, 34, 44, 39]
2004/3/13	Saturday	[16, 17, 19, 25, 35, 48, 49]
2004/3/12	Friday	[6, 7, 22, 24, 36, 39, 19]
2004/3/11	Thursday	[6, 19, 23, 24, 44, 48, 37]
2004/3/10	Wednesday	[2, 13, 17, 34, 46, 49, 12]
2004/3/9	Tuesday	[2, 10, 20, 28, 39, 41, 29]
2004/3/8	Monday	[1, 12, 27, 34, 35, 47, 19]
2004/3/7	Sunday	[11, 19, 30, 40, 43, 45, 48]
2004/3/6	Saturday	[15, 20, 31, 33, 34, 40, 8]
2004/3/5	Friday	[24, 33, 39, 40, 45, 46, 21]
2004/3/4	Thursday	[3, 17, 23, 25, 30, 43, 29]
2004/3/3	Wednesday	[2, 5, 10, 11, 14, 49, 4]
2004/3/2	Tuesday	[11, 23, 24, 32, 36, 39, 8]
2004/3/1	Monday	[8, 13, 26, 30, 35, 37, 41]
2004/2/29	Sunday	[8, 27, 36, 38, 41, 43, 28]
2004/2/28	Saturday	[9, 13, 22, 27, 30, 42, 41]
2004/2/27	Friday	[11, 18, 29, 39, 41, 43, 23]
2004/2/26	Thursday	[5, 12, 14, 15, 21, 47, 34]
2004/2/25	Wednesday	[9, 16, 21, 23, 29, 47, 6]
2004/2/24	Tuesday	[18, 30, 33, 34, 43, 47, 11]
2004/2/23	Monday	[1, 5, 16, 17, 35, 47, 28]
2004/2/22	Sunday	[9, 13, 24, 29, 35, 36, 14]
2004/2/21	Saturday	[5, 8, 24, 28, 42, 44, 38]
2004/2/20	Friday	[6, 24, 29, 45, 47, 48, 11]
2004/2/19	Thursday	[4, 23, 27, 28, 34, 40, 41]
2004/2/18	Wednesday	[1, 5, 7, 32, 33, 40, 12]
2004/2/17	Tuesday	[8, 9, 12, 14, 20, 48, 41]
2004/2/16	Monday	[7, 9, 10, 13, 19, 44, 47]
2004/2/15	Sunday	[5, 17, 25, 31, 34, 37, 1]
2004/2/14	Saturday	[2, 15, 25, 27, 29, 40, 31]
2004/2/13	Friday	[1, 3, 15, 22, 23, 31, 35]
2004/2/12	Thursday	[6, 8, 14, 18, 36, 43, 47]
2004/2/11	Wednesday	[14, 23, 24, 34, 40, 48, 15]
2004/2/10	Tuesday	[2, 15, 19, 37, 40, 49, 10]
2004/2/9	Monday	[12, 13, 17, 20, 21, 47, 37]
2004/2/8	Sunday	[4, 10, 12, 15, 20, 31, 44]
2004/2/7	Saturday	[13, 14, 22, 42, 43, 46, 9]
2004/2/6	Friday	[1, 22, 25, 37, 39, 40, 35]
2004/2/5	Thursday	[8, 22, 44, 45, 47, 48, 30]
2004/2/4	Wednesday	[2, 12, 19, 22, 37, 44, 5]
2004/2/3	Tuesday	[3, 9, 11, 13, 16, 31, 26]
2004/2/2	Monday	[10, 17, 22, 25, 27, 34, 42]
2004/2/1	Sunday	[18, 26, 27, 31, 38, 39, 33]
2004/1/31	Saturday	[4, 17, 24, 45, 47, 49, 9]
2004/1/30	Friday	[4, 9, 18, 19, 32, 38, 33]
2004/1/29	Thursday	[14, 16, 31, 40, 43, 48, 21]
2004/1/28	Wednesday	[5, 6, 10, 31, 39, 43, 12]
2004/1/27	Tuesday	[2, 4, 17, 20, 28, 39, 47]
2004/1/26	Monday	[9, 11, 15, 17, 32, 35, 29]
2004/1/25	Sunday	[33, 34, 35, 38, 39, 42, 43]
2004/1/24	Saturday	[1, 3, 7, 25, 28, 47, 5]
2004/1/23	Friday	[16, 19, 26, 31, 33, 44, 23]
2004/1/22	Thursday	[2, 12, 13, 15, 25, 38, 5]
2004/1/21	Wednesday	[1, 13, 17, 34, 40, 46, 6]
2004/1/20	Tuesday	[3, 28, 29, 30, 38, 42, 27]
2004/1/19	Monday	[1, 26, 31, 40, 43, 46, 14]
2004/1/18	Sunday	[4, 11, 12, 36, 37, 45, 34]
2004/1/17	Saturday	[2, 4, 12, 25, 31, 42, 11]
2004/1/16	Friday	[5, 9, 11, 20, 27, 49, 10]
2004/1/15	Thursday	[2, 4, 8, 15, 20, 27, 16]
2004/1/14	Wednesday	[3, 27, 37, 43, 47, 48, 8]
2004/1/13	Tuesday	[12, 14, 20, 28, 36, 38, 6]
2004/1/12	Monday	[10, 16, 18, 27, 28, 36, 25]
2004/1/11	Sunday	[1, 2, 11, 34, 36, 48, 41]
2004/1/10	Saturday	[1, 16, 19, 28, 35, 42, 17]
2004/1/9	Friday	[7, 16, 29, 32, 37, 40, 3]
2004/1/8	Thursday	[7, 24, 30, 46, 47, 48, 8]
2004/1/7	Wednesday	[5, 9, 18, 31, 38, 41, 43]
2004/1/6	Tuesday	[7, 11, 13, 24, 32, 38, 39]
2004/1/5	Monday	[1, 7, 9, 18, 31, 41, 38]
2004/1/4	Sunday	[5, 12, 19, 29, 32, 43, 48]
2004/1/3	Saturday	[7, 9, 10, 11, 29, 30, 49]
2004/1/2	Friday	[15, 16, 33, 38, 41, 47, 5]
2004/1/1	Thursday	[3, 30, 42, 43, 48, 49, 40]
