Date	Day	result
2008/12/31	Wednesday	[1, 23, 33, 39, 42, 46, 10]
2008/12/30	Tuesday	[7, 17, 19, 33, 40, 47, 1]
2008/12/29	Monday	[8, 9, 15, 26, 40, 43, 11]
2008/12/28	Sunday	[2, 3, 6, 11, 12, 13, 44]
2008/12/27	Saturday	[12, 15, 22, 28, 35, 37, 10]
2008/12/26	Friday	[4, 11, 20, 21, 35, 49, 39]
2008/12/24	Wednesday	[4, 7, 9, 20, 26, 29, 6]
2008/12/23	Tuesday	[17, 33, 34, 38, 39, 43, 47]
2008/12/22	Monday	[2, 10, 18, 24, 27, 39, 23]
2008/12/21	Sunday	[5, 21, 33, 43, 47, 48, 37]
2008/12/20	Saturday	[6, 11, 15, 20, 26, 39, 3]
2008/12/19	Friday	[7, 16, 22, 35, 37, 46, 11]
2008/12/18	Thursday	[10, 13, 16, 17, 34, 49, 11]
2008/12/17	Wednesday	[1, 7, 10, 11, 12, 36, 20]
2008/12/16	Tuesday	[7, 19, 25, 27, 41, 48, 14]
2008/12/15	Monday	[11, 21, 22, 24, 28, 37, 7]
2008/12/14	Sunday	[11, 13, 15, 26, 44, 45, 6]
2008/12/13	Saturday	[1, 6, 11, 29, 36, 48, 18]
2008/12/12	Friday	[5, 11, 20, 44, 45, 49, 18]
2008/12/11	Thursday	[1, 7, 21, 23, 25, 39, 35]
2008/12/10	Wednesday	[15, 28, 35, 45, 47, 49, 37]
2008/12/9	Tuesday	[8, 10, 23, 26, 38, 46, 30]
2008/12/8	Monday	[6, 13, 31, 39, 41, 46, 5]
2008/12/7	Sunday	[3, 6, 12, 13, 25, 43, 17]
2008/12/6	Saturday	[1, 21, 25, 34, 36, 44, 11]
2008/12/5	Friday	[23, 24, 27, 31, 38, 42, 6]
2008/12/4	Thursday	[11, 35, 36, 40, 43, 47, 8]
2008/12/3	Wednesday	[6, 11, 14, 22, 38, 40, 15]
2008/12/2	Tuesday	[9, 26, 32, 39, 47, 48, 38]
2008/12/1	Monday	[13, 17, 24, 34, 42, 47, 40]
2008/11/30	Sunday	[16, 17, 19, 32, 36, 37, 40]
2008/11/29	Saturday	[2, 3, 35, 36, 42, 47, 27]
2008/11/28	Friday	[7, 17, 21, 23, 45, 46, 48]
2008/11/27	Thursday	[2, 22, 31, 43, 44, 46, 1]
2008/11/26	Wednesday	[1, 3, 9, 37, 42, 44, 17]
2008/11/25	Tuesday	[3, 11, 12, 15, 17, 42, 44]
2008/11/24	Monday	[1, 6, 14, 17, 22, 48, 19]
2008/11/23	Sunday	[21, 26, 27, 30, 39, 43, 33]
2008/11/22	Saturday	[10, 11, 12, 20, 42, 47, 29]
2008/11/21	Friday	[4, 6, 14, 21, 27, 41, 26]
2008/11/20	Thursday	[4, 11, 14, 19, 29, 39, 6]
2008/11/19	Wednesday	[2, 5, 12, 13, 23, 29, 18]
2008/11/18	Tuesday	[5, 8, 11, 17, 41, 47, 46]
2008/11/17	Monday	[10, 15, 17, 28, 31, 37, 33]
2008/11/16	Sunday	[2, 6, 26, 32, 38, 46, 29]
2008/11/15	Saturday	[4, 14, 19, 36, 46, 47, 31]
2008/11/14	Friday	[1, 8, 13, 20, 23, 49, 14]
2008/11/13	Thursday	[14, 17, 22, 25, 29, 36, 45]
2008/11/12	Wednesday	[25, 44, 45, 46, 47, 48, 28]
2008/11/11	Tuesday	[4, 10, 17, 25, 27, 49, 8]
2008/11/10	Monday	[19, 21, 26, 29, 33, 36, 16]
2008/11/9	Sunday	[11, 26, 31, 40, 46, 48, 2]
2008/11/8	Saturday	[7, 13, 17, 18, 32, 43, 47]
2008/11/7	Friday	[1, 5, 13, 39, 45, 46, 41]
2008/11/6	Thursday	[9, 14, 15, 36, 37, 42, 11]
2008/11/5	Wednesday	[7, 15, 19, 21, 25, 35, 40]
2008/11/4	Tuesday	[19, 22, 26, 44, 46, 49, 27]
2008/11/3	Monday	[1, 8, 12, 18, 25, 46, 40]
2008/11/2	Sunday	[10, 11, 12, 32, 48, 49, 28]
2008/11/1	Saturday	[5, 25, 29, 32, 36, 48, 33]
2008/10/31	Friday	[4, 8, 13, 17, 35, 38, 22]
2008/10/30	Thursday	[1, 21, 23, 37, 41, 46, 5]
2008/10/29	Wednesday	[3, 25, 26, 29, 36, 37, 32]
2008/10/28	Tuesday	[6, 16, 28, 33, 35, 36, 14]
2008/10/27	Monday	[13, 20, 22, 26, 27, 39, 38]
2008/10/26	Sunday	[6, 12, 19, 27, 30, 31, 3]
2008/10/25	Saturday	[9, 29, 35, 39, 40, 43, 28]
2008/10/24	Friday	[9, 14, 18, 19, 25, 36, 38]
2008/10/23	Thursday	[21, 24, 33, 41, 42, 43, 30]
2008/10/22	Wednesday	[6, 12, 34, 39, 45, 46, 41]
2008/10/21	Tuesday	[8, 13, 19, 30, 31, 44, 9]
2008/10/20	Monday	[7, 15, 19, 20, 43, 46, 8]
2008/10/19	Sunday	[7, 8, 21, 25, 42, 45, 10]
2008/10/18	Saturday	[5, 13, 15, 18, 31, 48, 3]
2008/10/17	Friday	[3, 4, 13, 31, 40, 43, 25]
2008/10/16	Thursday	[1, 12, 14, 20, 37, 45, 23]
2008/10/15	Wednesday	[13, 16, 19, 20, 24, 35, 43]
2008/10/14	Tuesday	[17, 18, 30, 33, 36, 44, 29]
2008/10/13	Monday	[23, 26, 34, 39, 46, 47, 42]
2008/10/12	Sunday	[20, 23, 35, 38, 42, 48, 41]
2008/10/11	Saturday	[10, 22, 24, 31, 41, 48, 15]
2008/10/10	Friday	[3, 10, 12, 17, 38, 42, 11]
2008/10/9	Thursday	[14, 23, 24, 25, 35, 47, 34]
2008/10/8	Wednesday	[4, 11, 29, 34, 40, 44, 38]
2008/10/7	Tuesday	[2, 7, 15, 20, 34, 48, 1]
2008/10/6	Monday	[3, 20, 22, 27, 45, 49, 33]
2008/10/5	Sunday	[5, 18, 34, 35, 39, 40, 44]
2008/10/4	Saturday	[11, 13, 14, 18, 32, 49, 4]
2008/10/3	Friday	[3, 11, 27, 32, 33, 45, 14]
2008/10/2	Thursday	[5, 15, 26, 34, 39, 45, 4]
2008/10/1	Wednesday	[5, 9, 11, 13, 18, 23, 16]
2008/9/30	Tuesday	[9, 17, 22, 34, 36, 47, 1]
2008/9/29	Monday	[1, 6, 11, 22, 40, 45, 35]
2008/9/28	Sunday	[16, 23, 31, 33, 39, 41, 15]
2008/9/27	Saturday	[5, 7, 14, 16, 47, 48, 15]
2008/9/26	Friday	[11, 24, 31, 35, 40, 44, 14]
2008/9/25	Thursday	[2, 5, 9, 18, 19, 46, 44]
2008/9/24	Wednesday	[23, 26, 31, 41, 43, 49, 46]
2008/9/23	Tuesday	[5, 7, 28, 30, 37, 41, 39]
2008/9/22	Monday	[2, 12, 16, 22, 44, 45, 30]
2008/9/21	Sunday	[6, 17, 21, 25, 46, 48, 32]
2008/9/20	Saturday	[7, 12, 17, 34, 38, 44, 8]
2008/9/19	Friday	[9, 10, 11, 34, 46, 49, 7]
2008/9/18	Thursday	[10, 11, 20, 26, 40, 43, 16]
2008/9/17	Wednesday	[16, 20, 31, 39, 46, 49, 45]
2008/9/16	Tuesday	[7, 9, 21, 27, 30, 48, 33]
2008/9/15	Monday	[6, 22, 24, 33, 35, 37, 49]
2008/9/14	Sunday	[6, 9, 18, 20, 38, 47, 2]
2008/9/13	Saturday	[9, 24, 27, 31, 37, 46, 33]
2008/9/12	Friday	[8, 21, 23, 26, 28, 46, 25]
2008/9/11	Thursday	[14, 18, 22, 43, 48, 49, 39]
2008/9/10	Wednesday	[2, 6, 16, 34, 46, 47, 1]
2008/9/9	Tuesday	[19, 29, 31, 34, 36, 40, 14]
2008/9/8	Monday	[9, 19, 21, 23, 32, 37, 42]
2008/9/7	Sunday	[4, 7, 9, 21, 34, 39, 14]
2008/9/6	Saturday	[9, 10, 23, 25, 33, 44, 22]
2008/9/5	Friday	[9, 21, 36, 41, 47, 49, 10]
2008/9/4	Thursday	[10, 11, 23, 25, 29, 41, 44]
2008/9/3	Wednesday	[3, 7, 8, 21, 30, 36, 41]
2008/9/2	Tuesday	[13, 14, 25, 29, 41, 49, 39]
2008/9/1	Monday	[2, 16, 19, 33, 39, 47, 24]
2008/8/31	Sunday	[5, 13, 23, 25, 29, 44, 45]
2008/8/30	Saturday	[2, 5, 26, 36, 43, 44, 49]
2008/8/29	Friday	[1, 3, 16, 23, 34, 38, 47]
2008/8/28	Thursday	[5, 13, 19, 28, 41, 47, 23]
2008/8/27	Wednesday	[7, 34, 39, 40, 43, 44, 12]
2008/8/26	Tuesday	[12, 15, 23, 29, 36, 44, 40]
2008/8/25	Monday	[11, 21, 22, 25, 31, 40, 24]
2008/8/24	Sunday	[7, 15, 26, 37, 40, 49, 33]
2008/8/23	Saturday	[1, 14, 16, 26, 35, 48, 45]
2008/8/22	Friday	[9, 29, 30, 36, 37, 42, 31]
2008/8/21	Thursday	[8, 23, 28, 29, 40, 44, 18]
2008/8/20	Wednesday	[14, 33, 35, 43, 48, 49, 27]
2008/8/19	Tuesday	[11, 19, 23, 24, 34, 38, 43]
2008/8/18	Monday	[1, 5, 8, 18, 35, 48, 13]
2008/8/17	Sunday	[4, 15, 17, 19, 36, 49, 43]
2008/8/16	Saturday	[6, 16, 23, 39, 42, 45, 24]
2008/8/15	Friday	[3, 7, 10, 12, 13, 14, 26]
2008/8/14	Thursday	[13, 25, 29, 35, 44, 48, 41]
2008/8/13	Wednesday	[2, 20, 34, 41, 44, 47, 3]
2008/8/12	Tuesday	[6, 14, 22, 23, 29, 42, 24]
2008/8/11	Monday	[5, 9, 13, 23, 32, 44, 24]
2008/8/10	Sunday	[16, 20, 38, 46, 48, 49, 43]
2008/8/9	Saturday	[3, 14, 15, 23, 33, 38, 34]
2008/8/8	Friday	[1, 2, 6, 28, 32, 43, 24]
2008/8/7	Thursday	[7, 22, 37, 40, 44, 47, 41]
2008/8/6	Wednesday	[3, 12, 17, 36, 43, 45, 46]
2008/8/5	Tuesday	[3, 12, 14, 16, 23, 35, 49]
2008/8/4	Monday	[1, 16, 17, 30, 41, 47, 29]
2008/8/3	Sunday	[8, 9, 32, 33, 37, 46, 22]
2008/8/2	Saturday	[21, 27, 28, 29, 37, 46, 36]
2008/8/1	Friday	[2, 7, 20, 42, 44, 45, 18]
2008/7/31	Thursday	[3, 7, 12, 17, 19, 47, 10]
2008/7/30	Wednesday	[22, 25, 34, 40, 41, 42, 27]
2008/7/29	Tuesday	[31, 33, 38, 44, 46, 48, 17]
2008/7/28	Monday	[20, 21, 24, 36, 41, 47, 7]
2008/7/27	Sunday	[7, 12, 13, 21, 34, 35, 41]
2008/7/26	Saturday	[5, 10, 17, 39, 41, 46, 20]
2008/7/25	Friday	[5, 14, 25, 29, 39, 48, 47]
2008/7/24	Thursday	[10, 17, 18, 20, 26, 32, 35]
2008/7/23	Wednesday	[2, 4, 8, 11, 26, 34, 19]
2008/7/22	Tuesday	[12, 17, 19, 23, 40, 42, 5]
2008/7/21	Monday	[3, 5, 14, 32, 38, 43, 42]
2008/7/20	Sunday	[24, 34, 46, 47, 48, 49, 29]
2008/7/19	Saturday	[4, 23, 24, 25, 39, 40, 26]
2008/7/18	Friday	[2, 18, 34, 43, 45, 48, 40]
2008/7/17	Thursday	[1, 11, 24, 29, 30, 48, 7]
2008/7/16	Wednesday	[5, 20, 22, 29, 37, 42, 28]
2008/7/15	Tuesday	[7, 18, 35, 40, 43, 45, 39]
2008/7/14	Monday	[14, 16, 29, 39, 41, 49, 33]
2008/7/13	Sunday	[13, 17, 25, 26, 45, 47, 7]
2008/7/12	Saturday	[1, 12, 14, 33, 41, 44, 35]
2008/7/11	Friday	[1, 8, 12, 15, 39, 47, 16]
2008/7/10	Thursday	[3, 11, 34, 41, 46, 49, 38]
2008/7/9	Wednesday	[9, 17, 26, 28, 33, 39, 6]
2008/7/8	Tuesday	[10, 16, 26, 29, 42, 49, 43]
2008/7/7	Monday	[4, 7, 37, 39, 42, 48, 24]
2008/7/6	Sunday	[9, 19, 20, 26, 27, 39, 5]
2008/7/5	Saturday	[2, 7, 39, 40, 47, 49, 38]
2008/7/4	Friday	[12, 20, 29, 31, 38, 48, 44]
2008/7/3	Thursday	[4, 5, 17, 19, 28, 49, 20]
2008/7/2	Wednesday	[5, 10, 32, 34, 36, 44, 37]
2008/7/1	Tuesday	[1, 7, 11, 24, 34, 46, 15]
2008/6/30	Monday	[8, 30, 33, 38, 45, 46, 2]
2008/6/29	Sunday	[2, 3, 6, 13, 19, 26, 8]
2008/6/28	Saturday	[1, 12, 22, 32, 46, 48, 49]
2008/6/27	Friday	[16, 18, 20, 33, 34, 47, 1]
2008/6/26	Thursday	[3, 6, 15, 29, 31, 37, 33]
2008/6/25	Wednesday	[8, 16, 21, 28, 41, 48, 44]
2008/6/24	Tuesday	[11, 18, 24, 26, 31, 37, 34]
2008/6/23	Monday	[7, 8, 15, 22, 32, 42, 19]
2008/6/22	Sunday	[6, 21, 22, 30, 31, 34, 19]
2008/6/21	Saturday	[19, 26, 31, 36, 40, 47, 24]
2008/6/20	Friday	[6, 12, 13, 28, 31, 39, 19]
2008/6/19	Thursday	[9, 12, 15, 22, 32, 37, 42]
2008/6/18	Wednesday	[1, 7, 13, 17, 18, 21, 41]
2008/6/17	Tuesday	[7, 12, 14, 15, 23, 38, 33]
2008/6/16	Monday	[2, 13, 28, 36, 48, 49, 8]
2008/6/15	Sunday	[6, 13, 19, 22, 30, 36, 42]
2008/6/14	Saturday	[7, 9, 16, 20, 21, 29, 41]
2008/6/13	Friday	[5, 24, 26, 29, 34, 40, 30]
2008/6/12	Thursday	[3, 7, 23, 39, 41, 46, 22]
2008/6/11	Wednesday	[11, 21, 24, 27, 33, 34, 22]
2008/6/10	Tuesday	[6, 9, 13, 44, 45, 48, 1]
2008/6/9	Monday	[3, 6, 13, 29, 36, 47, 40]
2008/6/8	Sunday	[3, 5, 11, 15, 32, 46, 38]
2008/6/7	Saturday	[10, 16, 19, 20, 24, 45, 27]
2008/6/6	Friday	[3, 14, 16, 20, 31, 34, 22]
2008/6/5	Thursday	[1, 5, 12, 22, 29, 37, 11]
2008/6/4	Wednesday	[7, 10, 23, 28, 39, 44, 26]
2008/6/3	Tuesday	[1, 11, 14, 16, 39, 43, 40]
2008/6/2	Monday	[1, 6, 16, 28, 31, 40, 41]
2008/6/1	Sunday	[6, 11, 27, 28, 38, 46, 22]
2008/5/31	Saturday	[5, 17, 19, 22, 26, 37, 31]
2008/5/30	Friday	[6, 7, 16, 17, 33, 48, 25]
2008/5/29	Thursday	[11, 14, 20, 27, 30, 47, 29]
2008/5/28	Wednesday	[2, 19, 28, 30, 33, 40, 4]
2008/5/27	Tuesday	[12, 17, 24, 26, 40, 48, 7]
2008/5/26	Monday	[4, 15, 25, 34, 39, 41, 10]
2008/5/25	Sunday	[7, 16, 19, 35, 41, 43, 12]
2008/5/24	Saturday	[10, 16, 17, 22, 34, 36, 43]
2008/5/23	Friday	[3, 8, 15, 17, 26, 35, 45]
2008/5/22	Thursday	[2, 9, 12, 30, 38, 44, 17]
2008/5/21	Wednesday	[2, 6, 8, 21, 22, 32, 40]
2008/5/20	Tuesday	[4, 7, 12, 14, 26, 42, 13]
2008/5/19	Monday	[5, 7, 14, 24, 29, 39, 42]
2008/5/18	Sunday	[7, 13, 14, 27, 29, 46, 1]
2008/5/17	Saturday	[17, 22, 33, 41, 45, 47, 31]
2008/5/16	Friday	[12, 16, 18, 20, 34, 48, 6]
2008/5/15	Thursday	[4, 14, 16, 40, 44, 46, 32]
2008/5/14	Wednesday	[10, 11, 22, 27, 28, 36, 32]
2008/5/13	Tuesday	[18, 20, 24, 35, 38, 39, 7]
2008/5/12	Monday	[1, 7, 19, 23, 32, 36, 37]
2008/5/11	Sunday	[12, 13, 14, 28, 31, 47, 16]
2008/5/10	Saturday	[10, 14, 29, 39, 43, 47, 35]
2008/5/9	Friday	[7, 15, 20, 27, 28, 29, 44]
2008/5/8	Thursday	[3, 4, 10, 14, 24, 36, 29]
2008/5/7	Wednesday	[11, 16, 30, 36, 39, 41, 8]
2008/5/6	Tuesday	[8, 9, 18, 22, 37, 42, 6]
2008/5/5	Monday	[33, 34, 36, 43, 46, 48, 26]
2008/5/4	Sunday	[9, 17, 27, 29, 43, 44, 21]
2008/5/3	Saturday	[4, 10, 16, 20, 34, 46, 14]
2008/5/2	Friday	[6, 13, 24, 25, 30, 38, 17]
2008/5/1	Thursday	[8, 23, 35, 36, 43, 44, 32]
2008/4/30	Wednesday	[17, 27, 28, 41, 44, 48, 2]
2008/4/29	Tuesday	[2, 6, 12, 32, 40, 45, 18]
2008/4/28	Monday	[3, 6, 17, 29, 43, 47, 39]
2008/4/27	Sunday	[6, 11, 15, 18, 22, 34, 35]
2008/4/26	Saturday	[2, 6, 18, 20, 36, 45, 25]
2008/4/25	Friday	[18, 30, 34, 38, 40, 46, 5]
2008/4/24	Thursday	[1, 17, 34, 36, 39, 45, 44]
2008/4/23	Wednesday	[10, 25, 29, 33, 43, 48, 34]
2008/4/22	Tuesday	[16, 17, 24, 32, 40, 49, 33]
2008/4/21	Monday	[6, 10, 21, 32, 36, 49, 24]
2008/4/20	Sunday	[5, 11, 15, 43, 44, 47, 37]
2008/4/19	Saturday	[1, 25, 26, 33, 42, 46, 3]
2008/4/18	Friday	[9, 10, 12, 14, 43, 44, 32]
2008/4/17	Thursday	[3, 12, 15, 31, 35, 46, 29]
2008/4/16	Wednesday	[24, 27, 36, 40, 41, 44, 37]
2008/4/15	Tuesday	[7, 12, 13, 19, 31, 42, 16]
2008/4/14	Monday	[21, 30, 36, 38, 41, 42, 8]
2008/4/13	Sunday	[7, 18, 22, 36, 46, 47, 48]
2008/4/12	Saturday	[1, 2, 11, 37, 42, 44, 5]
2008/4/11	Friday	[4, 11, 12, 30, 39, 45, 16]
2008/4/10	Thursday	[8, 20, 28, 29, 31, 48, 6]
2008/4/9	Wednesday	[13, 23, 25, 33, 43, 45, 15]
2008/4/8	Tuesday	[10, 11, 38, 40, 44, 46, 49]
2008/4/7	Monday	[1, 2, 16, 25, 26, 40, 21]
2008/4/6	Sunday	[3, 5, 14, 19, 24, 34, 33]
2008/4/5	Saturday	[3, 9, 26, 27, 32, 36, 7]
2008/4/4	Friday	[12, 13, 22, 24, 26, 42, 4]
2008/4/3	Thursday	[6, 11, 12, 13, 24, 43, 28]
2008/4/2	Wednesday	[5, 6, 27, 29, 30, 32, 17]
2008/4/1	Tuesday	[5, 6, 17, 26, 48, 49, 23]
2008/3/31	Monday	[16, 22, 32, 35, 41, 45, 6]
2008/3/30	Sunday	[13, 16, 25, 31, 33, 39, 28]
2008/3/29	Saturday	[2, 8, 24, 34, 37, 47, 36]
2008/3/28	Friday	[6, 16, 37, 38, 43, 46, 35]
2008/3/27	Thursday	[11, 12, 27, 39, 42, 49, 7]
2008/3/26	Wednesday	[2, 5, 17, 36, 47, 48, 31]
2008/3/25	Tuesday	[18, 19, 25, 32, 38, 39, 34]
2008/3/24	Monday	[3, 5, 6, 14, 17, 29, 25]
2008/3/23	Sunday	[1, 3, 7, 19, 23, 36, 4]
2008/3/22	Saturday	[1, 19, 20, 24, 26, 32, 8]
2008/3/21	Friday	[8, 24, 29, 31, 32, 40, 30]
2008/3/20	Thursday	[20, 29, 31, 39, 47, 48, 44]
2008/3/19	Wednesday	[10, 19, 22, 30, 38, 48, 20]
2008/3/18	Tuesday	[10, 13, 17, 25, 31, 36, 33]
2008/3/17	Monday	[16, 27, 29, 32, 43, 48, 19]
2008/3/16	Sunday	[2, 6, 9, 10, 19, 24, 15]
2008/3/15	Saturday	[10, 11, 25, 28, 33, 35, 41]
2008/3/14	Friday	[1, 9, 22, 24, 25, 31, 15]
2008/3/13	Thursday	[2, 6, 9, 29, 43, 44, 24]
2008/3/12	Wednesday	[2, 4, 6, 24, 31, 41, 34]
2008/3/11	Tuesday	[7, 29, 33, 40, 42, 49, 39]
2008/3/10	Monday	[12, 14, 27, 31, 40, 43, 30]
2008/3/9	Sunday	[7, 22, 25, 26, 29, 32, 20]
2008/3/8	Saturday	[2, 7, 8, 20, 29, 39, 4]
2008/3/7	Friday	[1, 12, 14, 17, 30, 45, 6]
2008/3/6	Thursday	[10, 16, 18, 31, 39, 47, 13]
2008/3/5	Wednesday	[1, 3, 12, 19, 21, 37, 13]
2008/3/4	Tuesday	[2, 19, 21, 22, 27, 28, 24]
2008/3/3	Monday	[4, 16, 21, 25, 29, 38, 1]
2008/3/2	Sunday	[4, 5, 11, 19, 39, 42, 35]
2008/3/1	Saturday	[4, 11, 21, 37, 40, 42, 49]
2008/2/29	Friday	[3, 6, 13, 28, 35, 49, 22]
2008/2/28	Thursday	[1, 7, 8, 20, 33, 43, 47]
2008/2/27	Wednesday	[5, 9, 42, 46, 48, 49, 16]
2008/2/26	Tuesday	[3, 21, 26, 38, 40, 45, 6]
2008/2/25	Monday	[21, 22, 26, 30, 38, 41, 45]
2008/2/24	Sunday	[12, 14, 26, 37, 39, 46, 41]
2008/2/23	Saturday	[15, 17, 22, 28, 45, 46, 49]
2008/2/22	Friday	[7, 16, 29, 30, 31, 46, 11]
2008/2/21	Thursday	[1, 12, 15, 22, 45, 47, 42]
2008/2/20	Wednesday	[6, 9, 13, 15, 30, 32, 36]
2008/2/19	Tuesday	[11, 12, 18, 22, 27, 43, 31]
2008/2/18	Monday	[1, 9, 10, 17, 19, 41, 4]
2008/2/17	Sunday	[7, 18, 30, 32, 34, 36, 24]
2008/2/16	Saturday	[10, 11, 26, 31, 34, 39, 44]
2008/2/15	Friday	[13, 20, 23, 45, 46, 48, 9]
2008/2/14	Thursday	[4, 5, 16, 29, 38, 46, 22]
2008/2/13	Wednesday	[2, 11, 16, 26, 36, 44, 19]
2008/2/12	Tuesday	[12, 13, 23, 28, 39, 47, 44]
2008/2/11	Monday	[1, 10, 11, 19, 39, 45, 14]
2008/2/10	Sunday	[3, 13, 14, 31, 35, 49, 24]
2008/2/9	Saturday	[16, 18, 19, 21, 32, 40, 5]
2008/2/8	Friday	[1, 3, 6, 23, 30, 34, 26]
2008/2/7	Thursday	[5, 7, 8, 21, 29, 34, 18]
2008/2/6	Wednesday	[14, 20, 21, 27, 33, 48, 4]
2008/2/5	Tuesday	[1, 17, 19, 26, 36, 46, 7]
2008/2/4	Monday	[13, 15, 28, 31, 36, 46, 12]
2008/2/3	Sunday	[1, 29, 33, 34, 37, 40, 11]
2008/2/2	Saturday	[17, 18, 21, 23, 27, 31, 37]
2008/2/1	Friday	[6, 17, 31, 34, 37, 45, 4]
2008/1/31	Thursday	[18, 20, 21, 26, 35, 38, 23]
2008/1/30	Wednesday	[2, 9, 10, 17, 23, 28, 29]
2008/1/29	Tuesday	[10, 18, 22, 26, 38, 45, 44]
2008/1/28	Monday	[5, 9, 22, 24, 31, 33, 40]
2008/1/27	Sunday	[13, 16, 25, 31, 32, 43, 28]
2008/1/26	Saturday	[4, 25, 34, 35, 37, 47, 42]
2008/1/25	Friday	[9, 17, 20, 23, 27, 31, 13]
2008/1/24	Thursday	[5, 6, 18, 29, 30, 44, 20]
2008/1/23	Wednesday	[11, 16, 28, 33, 39, 40, 8]
2008/1/22	Tuesday	[2, 3, 4, 6, 7, 19, 25]
2008/1/21	Monday	[1, 11, 17, 30, 41, 49, 43]
2008/1/20	Sunday	[2, 6, 17, 19, 46, 47, 21]
2008/1/19	Saturday	[1, 3, 17, 29, 33, 40, 34]
2008/1/18	Friday	[10, 16, 31, 41, 43, 46, 42]
2008/1/17	Thursday	[1, 4, 31, 44, 45, 47, 38]
2008/1/16	Wednesday	[2, 21, 22, 27, 35, 47, 20]
2008/1/15	Tuesday	[26, 29, 32, 35, 39, 42, 2]
2008/1/14	Monday	[2, 12, 25, 30, 35, 38, 8]
2008/1/13	Sunday	[10, 14, 16, 20, 34, 39, 26]
2008/1/12	Saturday	[7, 15, 30, 31, 40, 47, 39]
2008/1/11	Friday	[8, 13, 15, 31, 35, 49, 42]
2008/1/10	Thursday	[5, 8, 13, 16, 23, 43, 24]
2008/1/9	Wednesday	[6, 11, 25, 38, 42, 43, 1]
2008/1/8	Tuesday	[13, 20, 31, 47, 48, 49, 16]
2008/1/7	Monday	[30, 31, 32, 34, 42, 48, 20]
2008/1/6	Sunday	[7, 12, 16, 23, 45, 47, 2]
2008/1/5	Saturday	[4, 6, 17, 41, 47, 48, 43]
2008/1/4	Friday	[7, 11, 12, 23, 34, 40, 20]
2008/1/3	Thursday	[13, 15, 29, 34, 39, 45, 36]
2008/1/2	Wednesday	[3, 13, 20, 33, 45, 48, 19]
2008/1/1	Tuesday	[7, 11, 32, 36, 37, 39, 15]
