Date	Day	result
2009/12/31	Thursday	[7, 8, 18, 26, 30, 49, 36]
2009/12/30	Wednesday	[10, 11, 22, 30, 36, 46, 9]
2009/12/29	Tuesday	[17, 32, 37, 39, 42, 45, 44]
2009/12/28	Monday	[10, 11, 13, 14, 24, 41, 8]
2009/12/27	Sunday	[3, 17, 23, 31, 33, 48, 37]
2009/12/26	Saturday	[10, 19, 25, 35, 36, 46, 28]
2009/12/24	Thursday	[21, 22, 25, 35, 38, 45, 13]
2009/12/23	Wednesday	[3, 24, 25, 28, 35, 39, 18]
2009/12/22	Tuesday	[23, 24, 26, 27, 33, 39, 41]
2009/12/21	Monday	[2, 4, 14, 17, 48, 49, 12]
2009/12/20	Sunday	[1, 12, 18, 25, 27, 48, 43]
2009/12/19	Saturday	[16, 17, 23, 24, 36, 47, 5]
2009/12/18	Friday	[6, 10, 25, 26, 37, 47, 18]
2009/12/17	Thursday	[2, 14, 17, 36, 44, 46, 5]
2009/12/16	Wednesday	[13, 19, 30, 31, 34, 35, 8]
2009/12/15	Tuesday	[1, 5, 15, 19, 41, 43, 13]
2009/12/14	Monday	[3, 14, 23, 28, 45, 49, 44]
2009/12/13	Sunday	[1, 2, 13, 25, 34, 38, 47]
2009/12/12	Saturday	[1, 7, 13, 31, 37, 39, 12]
2009/12/11	Friday	[1, 2, 15, 19, 30, 31, 29]
2009/12/10	Thursday	[7, 16, 19, 31, 38, 43, 2]
2009/12/9	Wednesday	[27, 43, 44, 47, 48, 49, 1]
2009/12/8	Tuesday	[7, 14, 15, 18, 29, 41, 2]
2009/12/7	Monday	[10, 15, 21, 34, 38, 49, 42]
2009/12/6	Sunday	[4, 8, 13, 22, 35, 40, 41]
2009/12/5	Saturday	[1, 2, 7, 29, 36, 42, 37]
2009/12/4	Friday	[7, 28, 29, 32, 34, 46, 8]
2009/12/3	Thursday	[1, 5, 26, 27, 36, 39, 41]
2009/12/2	Wednesday	[5, 16, 27, 33, 47, 49, 34]
2009/12/1	Tuesday	[23, 27, 28, 38, 42, 43, 11]
2009/11/30	Monday	[16, 19, 22, 31, 42, 47, 46]
2009/11/29	Sunday	[1, 20, 31, 34, 38, 48, 11]
2009/11/28	Saturday	[3, 6, 9, 14, 37, 49, 27]
2009/11/27	Friday	[5, 10, 14, 26, 38, 45, 13]
2009/11/26	Thursday	[4, 10, 20, 23, 37, 39, 28]
2009/11/25	Wednesday	[8, 11, 17, 18, 44, 48, 28]
2009/11/24	Tuesday	[7, 14, 15, 31, 36, 39, 5]
2009/11/23	Monday	[2, 6, 11, 23, 29, 33, 8]
2009/11/22	Sunday	[6, 7, 35, 46, 47, 49, 20]
2009/11/21	Saturday	[3, 7, 12, 34, 39, 41, 32]
2009/11/20	Friday	[4, 6, 22, 39, 47, 48, 31]
2009/11/19	Thursday	[20, 26, 35, 36, 37, 49, 43]
2009/11/18	Wednesday	[7, 9, 16, 18, 28, 32, 30]
2009/11/17	Tuesday	[10, 16, 17, 19, 36, 38, 44]
2009/11/16	Monday	[1, 2, 7, 11, 22, 42, 3]
2009/11/15	Sunday	[2, 5, 28, 37, 41, 47, 38]
2009/11/14	Saturday	[18, 26, 31, 33, 36, 40, 5]
2009/11/13	Friday	[6, 27, 34, 36, 38, 44, 5]
2009/11/12	Thursday	[13, 14, 28, 33, 43, 47, 6]
2009/11/11	Wednesday	[8, 16, 21, 28, 33, 39, 49]
2009/11/10	Tuesday	[15, 20, 22, 23, 40, 45, 48]
2009/11/9	Monday	[1, 15, 28, 30, 39, 44, 36]
2009/11/8	Sunday	[4, 5, 10, 15, 45, 47, 28]
2009/11/7	Saturday	[13, 17, 30, 33, 34, 45, 40]
2009/11/6	Friday	[18, 19, 22, 27, 46, 48, 17]
2009/11/5	Thursday	[10, 13, 19, 28, 32, 47, 20]
2009/11/4	Wednesday	[1, 6, 16, 32, 42, 46, 44]
2009/11/3	Tuesday	[5, 8, 13, 36, 37, 40, 28]
2009/11/2	Monday	[3, 5, 6, 20, 40, 45, 10]
2009/11/1	Sunday	[2, 6, 8, 18, 21, 29, 1]
2009/10/31	Saturday	[3, 13, 14, 16, 19, 43, 41]
2009/10/30	Friday	[8, 16, 18, 19, 29, 43, 22]
2009/10/29	Thursday	[9, 24, 30, 34, 42, 46, 2]
2009/10/28	Wednesday	[3, 4, 14, 15, 23, 28, 10]
2009/10/27	Tuesday	[7, 13, 32, 41, 46, 48, 33]
2009/10/26	Monday	[1, 4, 12, 19, 25, 40, 26]
2009/10/25	Sunday	[8, 19, 23, 24, 36, 47, 39]
2009/10/24	Saturday	[4, 15, 28, 29, 30, 36, 20]
2009/10/23	Friday	[1, 4, 22, 30, 36, 39, 38]
2009/10/22	Thursday	[4, 8, 14, 18, 19, 49, 26]
2009/10/21	Wednesday	[6, 11, 13, 27, 34, 46, 37]
2009/10/20	Tuesday	[3, 8, 10, 14, 33, 40, 2]
2009/10/19	Monday	[4, 17, 29, 31, 41, 48, 46]
2009/10/18	Sunday	[2, 12, 21, 24, 29, 43, 18]
2009/10/17	Saturday	[20, 22, 29, 30, 33, 34, 7]
2009/10/16	Friday	[10, 20, 21, 26, 40, 44, 11]
2009/10/15	Thursday	[10, 11, 17, 27, 39, 45, 8]
2009/10/14	Wednesday	[3, 13, 31, 34, 36, 40, 2]
2009/10/13	Tuesday	[11, 24, 32, 37, 43, 47, 20]
2009/10/12	Monday	[2, 4, 15, 19, 25, 49, 30]
2009/10/11	Sunday	[2, 18, 22, 27, 42, 47, 19]
2009/10/10	Saturday	[22, 24, 25, 27, 34, 48, 36]
2009/10/9	Friday	[4, 9, 19, 22, 35, 49, 21]
2009/10/8	Thursday	[12, 14, 20, 26, 34, 44, 22]
2009/10/7	Wednesday	[1, 3, 10, 14, 34, 43, 49]
2009/10/6	Tuesday	[1, 33, 44, 46, 47, 48, 11]
2009/10/5	Monday	[6, 15, 16, 19, 23, 48, 32]
2009/10/4	Sunday	[5, 8, 28, 39, 40, 41, 31]
2009/10/3	Saturday	[2, 6, 32, 34, 41, 45, 27]
2009/10/2	Friday	[5, 9, 16, 20, 33, 37, 41]
2009/10/1	Thursday	[12, 22, 33, 36, 45, 49, 21]
2009/9/30	Wednesday	[5, 9, 18, 27, 31, 33, 28]
2009/9/29	Tuesday	[1, 3, 14, 35, 41, 46, 30]
2009/9/28	Monday	[6, 9, 16, 26, 38, 44, 40]
2009/9/27	Sunday	[3, 7, 15, 25, 37, 39, 21]
2009/9/26	Saturday	[3, 5, 12, 15, 24, 36, 30]
2009/9/25	Friday	[9, 17, 21, 25, 35, 39, 29]
2009/9/24	Thursday	[15, 28, 31, 41, 48, 49, 10]
2009/9/23	Wednesday	[1, 8, 11, 23, 39, 43, 21]
2009/9/22	Tuesday	[29, 30, 40, 43, 46, 48, 22]
2009/9/21	Monday	[1, 12, 24, 44, 45, 46, 32]
2009/9/20	Sunday	[24, 26, 27, 36, 38, 39, 28]
2009/9/19	Saturday	[1, 2, 7, 28, 32, 40, 38]
2009/9/18	Friday	[1, 2, 10, 17, 25, 47, 5]
2009/9/17	Thursday	[1, 31, 40, 41, 43, 46, 10]
2009/9/16	Wednesday	[3, 7, 12, 15, 30, 40, 24]
2009/9/15	Tuesday	[18, 19, 21, 23, 29, 47, 48]
2009/9/14	Monday	[11, 13, 16, 19, 42, 43, 17]
2009/9/13	Sunday	[7, 24, 28, 33, 43, 46, 15]
2009/9/12	Saturday	[9, 11, 13, 18, 34, 39, 30]
2009/9/11	Friday	[1, 3, 8, 25, 32, 42, 48]
2009/9/10	Thursday	[29, 34, 37, 39, 41, 49, 7]
2009/9/9	Wednesday	[10, 25, 30, 33, 43, 44, 23]
2009/9/8	Tuesday	[6, 7, 10, 33, 42, 49, 2]
2009/9/7	Monday	[15, 16, 22, 23, 40, 43, 2]
2009/9/6	Sunday	[1, 2, 34, 39, 47, 49, 7]
2009/9/5	Saturday	[2, 6, 18, 20, 25, 45, 3]
2009/9/4	Friday	[3, 6, 11, 39, 44, 47, 15]
2009/9/3	Thursday	[10, 14, 16, 23, 41, 45, 5]
2009/9/2	Wednesday	[2, 13, 14, 28, 39, 40, 36]
2009/9/1	Tuesday	[2, 21, 29, 30, 34, 41, 33]
2009/8/31	Monday	[4, 29, 35, 40, 47, 48, 45]
2009/8/30	Sunday	[7, 14, 19, 31, 32, 34, 2]
2009/8/29	Saturday	[2, 3, 8, 18, 36, 43, 20]
2009/8/28	Friday	[7, 13, 23, 26, 44, 47, 37]
2009/8/27	Thursday	[15, 25, 26, 28, 37, 47, 18]
2009/8/26	Wednesday	[9, 20, 28, 29, 42, 45, 35]
2009/8/25	Tuesday	[11, 12, 31, 34, 40, 46, 30]
2009/8/24	Monday	[9, 11, 25, 27, 35, 43, 48]
2009/8/23	Sunday	[2, 6, 9, 13, 20, 41, 30]
2009/8/22	Saturday	[15, 16, 20, 32, 34, 39, 12]
2009/8/21	Friday	[2, 17, 21, 27, 28, 34, 4]
2009/8/20	Thursday	[14, 19, 39, 42, 46, 48, 32]
2009/8/19	Wednesday	[2, 3, 15, 22, 39, 40, 8]
2009/8/18	Tuesday	[1, 5, 11, 33, 38, 42, 30]
2009/8/17	Monday	[2, 9, 11, 36, 39, 44, 32]
2009/8/16	Sunday	[1, 4, 7, 24, 37, 44, 45]
2009/8/15	Saturday	[1, 14, 18, 28, 38, 46, 30]
2009/8/14	Friday	[4, 6, 21, 35, 40, 48, 41]
2009/8/13	Thursday	[13, 16, 32, 42, 46, 49, 24]
2009/8/12	Wednesday	[2, 5, 12, 17, 27, 35, 3]
2009/8/11	Tuesday	[2, 8, 16, 26, 29, 43, 36]
2009/8/10	Monday	[4, 10, 15, 35, 38, 43, 16]
2009/8/9	Sunday	[11, 13, 17, 22, 38, 47, 43]
2009/8/8	Saturday	[1, 2, 21, 26, 43, 47, 16]
2009/8/7	Friday	[4, 9, 15, 16, 20, 46, 44]
2009/8/6	Thursday	[14, 24, 34, 38, 44, 49, 27]
2009/8/5	Wednesday	[2, 13, 19, 25, 39, 42, 1]
2009/8/4	Tuesday	[15, 17, 19, 21, 30, 47, 10]
2009/8/3	Monday	[6, 28, 29, 31, 34, 45, 16]
2009/8/2	Sunday	[6, 11, 21, 29, 44, 47, 45]
2009/8/1	Saturday	[6, 7, 9, 29, 37, 47, 44]
2009/7/31	Friday	[11, 17, 35, 39, 46, 48, 6]
2009/7/30	Thursday	[18, 20, 27, 29, 46, 49, 17]
2009/7/29	Wednesday	[1, 13, 22, 29, 38, 42, 9]
2009/7/28	Tuesday	[22, 24, 30, 40, 41, 44, 18]
2009/7/27	Monday	[3, 7, 13, 19, 28, 33, 41]
2009/7/26	Sunday	[4, 14, 29, 33, 36, 44, 43]
2009/7/25	Saturday	[1, 6, 23, 33, 37, 47, 21]
2009/7/24	Friday	[7, 10, 16, 26, 39, 41, 34]
2009/7/23	Thursday	[13, 21, 34, 35, 39, 48, 11]
2009/7/22	Wednesday	[1, 4, 9, 19, 28, 38, 5]
2009/7/21	Tuesday	[2, 14, 21, 22, 37, 39, 34]
2009/7/20	Monday	[2, 21, 22, 35, 40, 42, 19]
2009/7/19	Sunday	[1, 23, 35, 36, 37, 47, 49]
2009/7/18	Saturday	[1, 6, 7, 11, 16, 44, 13]
2009/7/17	Friday	[10, 25, 27, 35, 40, 41, 5]
2009/7/16	Thursday	[6, 7, 8, 31, 39, 46, 9]
2009/7/15	Wednesday	[19, 28, 30, 31, 35, 43, 49]
2009/7/14	Tuesday	[2, 13, 23, 24, 31, 39, 8]
2009/7/13	Monday	[1, 10, 17, 20, 25, 38, 39]
2009/7/12	Sunday	[16, 18, 20, 23, 27, 32, 48]
2009/7/11	Saturday	[11, 14, 24, 30, 43, 49, 45]
2009/7/10	Friday	[4, 17, 23, 26, 45, 47, 35]
2009/7/9	Thursday	[5, 12, 19, 25, 30, 34, 16]
2009/7/8	Wednesday	[9, 15, 18, 38, 41, 44, 48]
2009/7/7	Tuesday	[11, 20, 21, 23, 30, 33, 3]
2009/7/6	Monday	[4, 16, 35, 40, 43, 46, 10]
2009/7/5	Sunday	[18, 19, 23, 30, 36, 44, 3]
2009/7/4	Saturday	[23, 26, 40, 42, 43, 48, 24]
2009/7/3	Friday	[4, 6, 10, 12, 27, 41, 28]
2009/7/2	Thursday	[12, 13, 21, 23, 46, 48, 42]
2009/7/1	Wednesday	[20, 27, 32, 36, 40, 43, 25]
2009/6/30	Tuesday	[1, 4, 21, 29, 39, 43, 17]
2009/6/29	Monday	[17, 18, 21, 37, 40, 41, 39]
2009/6/28	Sunday	[2, 8, 19, 38, 39, 44, 23]
2009/6/27	Saturday	[4, 11, 18, 22, 32, 33, 27]
2009/6/26	Friday	[5, 10, 14, 16, 27, 49, 13]
2009/6/25	Thursday	[1, 9, 16, 19, 44, 49, 39]
2009/6/24	Wednesday	[12, 14, 28, 33, 38, 39, 37]
2009/6/23	Tuesday	[13, 15, 23, 39, 45, 49, 46]
2009/6/22	Monday	[2, 4, 7, 12, 15, 38, 20]
2009/6/21	Sunday	[12, 24, 37, 40, 41, 45, 34]
2009/6/20	Saturday	[4, 9, 13, 29, 38, 46, 34]
2009/6/19	Friday	[9, 17, 34, 39, 46, 48, 1]
2009/6/18	Thursday	[8, 40, 41, 42, 46, 47, 35]
2009/6/17	Wednesday	[5, 7, 16, 31, 39, 45, 19]
2009/6/16	Tuesday	[9, 18, 23, 26, 33, 45, 32]
2009/6/15	Monday	[4, 13, 22, 25, 26, 36, 6]
2009/6/14	Sunday	[3, 10, 25, 39, 40, 49, 31]
2009/6/13	Saturday	[2, 10, 21, 31, 37, 41, 30]
2009/6/12	Friday	[1, 5, 21, 30, 35, 42, 22]
2009/6/11	Thursday	[27, 32, 37, 39, 47, 49, 9]
2009/6/10	Wednesday	[2, 7, 14, 15, 28, 35, 49]
2009/6/9	Tuesday	[13, 15, 20, 29, 42, 46, 45]
2009/6/8	Monday	[1, 18, 24, 31, 42, 44, 32]
2009/6/7	Sunday	[3, 18, 20, 29, 32, 38, 41]
2009/6/6	Saturday	[1, 17, 18, 27, 38, 39, 22]
2009/6/5	Friday	[6, 10, 20, 38, 43, 46, 2]
2009/6/4	Thursday	[17, 26, 30, 34, 35, 43, 18]
2009/6/3	Wednesday	[5, 20, 26, 28, 33, 42, 17]
2009/6/2	Tuesday	[14, 21, 35, 36, 42, 49, 25]
2009/6/1	Monday	[2, 17, 26, 31, 41, 48, 10]
2009/5/31	Sunday	[3, 8, 14, 30, 33, 43, 9]
2009/5/30	Saturday	[11, 19, 27, 33, 37, 48, 5]
2009/5/29	Friday	[22, 33, 36, 40, 41, 43, 26]
2009/5/28	Thursday	[3, 7, 15, 17, 33, 39, 34]
2009/5/27	Wednesday	[7, 16, 20, 21, 30, 31, 27]
2009/5/26	Tuesday	[13, 20, 24, 44, 46, 47, 31]
2009/5/25	Monday	[5, 6, 25, 37, 42, 49, 30]
2009/5/24	Sunday	[17, 18, 19, 30, 42, 43, 5]
2009/5/23	Saturday	[9, 10, 11, 34, 38, 46, 43]
2009/5/22	Friday	[5, 13, 32, 36, 46, 47, 17]
2009/5/21	Thursday	[1, 5, 12, 40, 42, 49, 37]
2009/5/20	Wednesday	[6, 13, 16, 29, 41, 49, 2]
2009/5/19	Tuesday	[10, 15, 18, 27, 39, 46, 26]
2009/5/18	Monday	[6, 19, 28, 33, 36, 48, 14]
2009/5/17	Sunday	[5, 21, 26, 27, 44, 49, 7]
2009/5/16	Saturday	[2, 12, 15, 20, 25, 36, 44]
2009/5/15	Friday	[6, 7, 12, 22, 31, 33, 15]
2009/5/14	Thursday	[2, 12, 20, 33, 34, 47, 17]
2009/5/13	Wednesday	[6, 18, 19, 35, 39, 45, 37]
2009/5/12	Tuesday	[7, 22, 34, 35, 37, 40, 4]
2009/5/11	Monday	[11, 22, 32, 33, 43, 48, 37]
2009/5/10	Sunday	[2, 6, 15, 18, 28, 34, 23]
2009/5/9	Saturday	[12, 17, 22, 36, 37, 49, 9]
2009/5/8	Friday	[9, 15, 19, 36, 40, 42, 17]
2009/5/7	Thursday	[3, 7, 22, 25, 36, 39, 33]
2009/5/6	Wednesday	[4, 21, 35, 44, 47, 48, 13]
2009/5/5	Tuesday	[10, 15, 16, 17, 35, 42, 11]
2009/5/4	Monday	[9, 12, 17, 32, 35, 38, 8]
2009/5/3	Sunday	[1, 11, 30, 43, 45, 47, 2]
2009/5/2	Saturday	[4, 6, 22, 31, 35, 45, 12]
2009/5/1	Friday	[6, 20, 25, 32, 41, 44, 38]
2009/4/30	Thursday	[8, 9, 22, 35, 40, 48, 1]
2009/4/29	Wednesday	[11, 12, 41, 42, 43, 47, 49]
2009/4/28	Tuesday	[6, 9, 12, 17, 35, 41, 47]
2009/4/27	Monday	[18, 35, 39, 41, 43, 45, 10]
2009/4/26	Sunday	[3, 11, 13, 15, 20, 27, 43]
2009/4/25	Saturday	[5, 8, 19, 22, 35, 47, 7]
2009/4/24	Friday	[3, 11, 21, 29, 39, 47, 19]
2009/4/23	Thursday	[3, 5, 31, 39, 45, 47, 35]
2009/4/22	Wednesday	[10, 14, 26, 30, 38, 44, 43]
2009/4/21	Tuesday	[1, 13, 26, 33, 38, 42, 31]
2009/4/20	Monday	[2, 20, 23, 25, 29, 35, 14]
2009/4/19	Sunday	[4, 12, 23, 28, 46, 48, 39]
2009/4/18	Saturday	[4, 19, 23, 42, 43, 44, 5]
2009/4/17	Friday	[17, 19, 24, 28, 32, 49, 15]
2009/4/16	Thursday	[4, 9, 10, 20, 23, 48, 34]
2009/4/15	Wednesday	[12, 18, 24, 30, 32, 38, 41]
2009/4/14	Tuesday	[3, 7, 19, 30, 42, 45, 18]
2009/4/13	Monday	[2, 5, 7, 22, 31, 39, 45]
2009/4/12	Sunday	[4, 19, 24, 26, 41, 47, 6]
2009/4/11	Saturday	[1, 5, 11, 16, 17, 41, 26]
2009/4/10	Friday	[22, 26, 33, 37, 46, 48, 23]
2009/4/9	Thursday	[7, 12, 18, 29, 31, 42, 46]
2009/4/8	Wednesday	[1, 5, 7, 10, 30, 40, 21]
2009/4/7	Tuesday	[3, 4, 9, 39, 41, 45, 43]
2009/4/6	Monday	[12, 15, 30, 34, 46, 49, 31]
2009/4/5	Sunday	[3, 8, 18, 23, 28, 40, 11]
2009/4/4	Saturday	[5, 21, 28, 42, 44, 46, 10]
2009/4/3	Friday	[8, 18, 26, 29, 31, 32, 24]
2009/4/2	Thursday	[3, 5, 9, 10, 11, 43, 44]
2009/4/1	Wednesday	[3, 4, 14, 15, 19, 31, 38]
2009/3/31	Tuesday	[2, 4, 11, 28, 43, 48, 49]
2009/3/30	Monday	[18, 30, 31, 38, 43, 48, 16]
2009/3/29	Sunday	[1, 4, 6, 10, 23, 32, 28]
2009/3/28	Saturday	[1, 6, 10, 13, 42, 45, 40]
2009/3/27	Friday	[2, 29, 32, 43, 45, 49, 21]
2009/3/26	Thursday	[1, 8, 18, 35, 41, 49, 32]
2009/3/25	Wednesday	[20, 23, 27, 30, 31, 49, 33]
2009/3/24	Tuesday	[7, 25, 40, 44, 45, 49, 38]
2009/3/23	Monday	[1, 15, 19, 25, 38, 40, 35]
2009/3/22	Sunday	[3, 13, 17, 19, 27, 39, 1]
2009/3/21	Saturday	[2, 8, 17, 26, 42, 45, 40]
2009/3/20	Friday	[12, 13, 21, 26, 36, 44, 22]
2009/3/19	Thursday	[18, 21, 34, 40, 41, 43, 14]
2009/3/18	Wednesday	[6, 10, 21, 22, 30, 44, 41]
2009/3/17	Tuesday	[2, 11, 12, 15, 34, 36, 39]
2009/3/16	Monday	[4, 5, 16, 21, 33, 45, 41]
2009/3/15	Sunday	[18, 26, 29, 45, 47, 48, 24]
2009/3/14	Saturday	[6, 9, 10, 11, 35, 36, 26]
2009/3/13	Friday	[13, 18, 27, 32, 43, 46, 9]
2009/3/12	Thursday	[7, 9, 18, 26, 37, 45, 14]
2009/3/11	Wednesday	[20, 34, 36, 37, 45, 46, 24]
2009/3/10	Tuesday	[24, 30, 32, 35, 38, 41, 42]
2009/3/9	Monday	[23, 29, 30, 34, 44, 46, 5]
2009/3/8	Sunday	[1, 3, 7, 22, 43, 46, 4]
2009/3/7	Saturday	[4, 5, 16, 22, 27, 44, 1]
2009/3/6	Friday	[5, 32, 35, 38, 44, 48, 45]
2009/3/5	Thursday	[19, 22, 30, 33, 40, 49, 46]
2009/3/4	Wednesday	[7, 9, 10, 20, 26, 30, 14]
2009/3/3	Tuesday	[19, 21, 29, 32, 40, 45, 35]
2009/3/2	Monday	[1, 11, 22, 25, 41, 44, 28]
2009/3/1	Sunday	[6, 14, 15, 20, 28, 42, 3]
2009/2/28	Saturday	[5, 18, 21, 27, 28, 31, 20]
2009/2/27	Friday	[2, 21, 28, 32, 33, 34, 44]
2009/2/26	Thursday	[1, 7, 20, 27, 36, 45, 8]
2009/2/25	Wednesday	[9, 17, 22, 25, 34, 36, 42]
2009/2/24	Tuesday	[1, 14, 20, 22, 34, 39, 6]
2009/2/23	Monday	[2, 19, 23, 25, 33, 43, 15]
2009/2/22	Sunday	[1, 11, 13, 30, 41, 44, 27]
2009/2/21	Saturday	[6, 23, 28, 33, 38, 39, 3]
2009/2/20	Friday	[17, 25, 26, 39, 44, 47, 22]
2009/2/19	Thursday	[1, 4, 5, 7, 23, 40, 18]
2009/2/18	Wednesday	[26, 30, 31, 36, 38, 46, 28]
2009/2/17	Tuesday	[14, 24, 27, 36, 38, 40, 6]
2009/2/16	Monday	[5, 12, 13, 33, 37, 44, 48]
2009/2/15	Sunday	[11, 15, 25, 26, 30, 42, 3]
2009/2/14	Saturday	[3, 7, 26, 37, 44, 45, 32]
2009/2/13	Friday	[1, 16, 40, 45, 47, 48, 28]
2009/2/12	Thursday	[21, 37, 43, 44, 47, 48, 17]
2009/2/11	Wednesday	[1, 7, 10, 20, 36, 38, 22]
2009/2/10	Tuesday	[17, 18, 22, 30, 45, 48, 10]
2009/2/9	Monday	[13, 23, 24, 27, 31, 38, 6]
2009/2/8	Sunday	[4, 18, 22, 33, 44, 46, 9]
2009/2/7	Saturday	[2, 10, 11, 13, 19, 30, 37]
2009/2/6	Friday	[3, 7, 17, 26, 28, 44, 33]
2009/2/5	Thursday	[2, 16, 17, 28, 37, 43, 30]
2009/2/4	Wednesday	[16, 21, 32, 40, 46, 48, 3]
2009/2/3	Tuesday	[2, 4, 14, 32, 33, 37, 21]
2009/2/2	Monday	[1, 2, 14, 30, 32, 35, 17]
2009/2/1	Sunday	[12, 25, 28, 31, 35, 47, 9]
2009/1/31	Saturday	[6, 15, 17, 18, 23, 44, 45]
2009/1/30	Friday	[7, 10, 14, 18, 37, 48, 9]
2009/1/29	Thursday	[2, 25, 28, 38, 41, 43, 14]
2009/1/28	Wednesday	[2, 7, 10, 29, 31, 34, 45]
2009/1/27	Tuesday	[6, 8, 22, 27, 40, 43, 48]
2009/1/26	Monday	[10, 23, 28, 31, 35, 42, 3]
2009/1/25	Sunday	[1, 9, 22, 26, 33, 46, 2]
2009/1/24	Saturday	[12, 13, 17, 31, 40, 47, 41]
2009/1/23	Friday	[5, 6, 25, 31, 42, 46, 40]
2009/1/22	Thursday	[1, 6, 17, 21, 33, 34, 18]
2009/1/21	Wednesday	[6, 8, 20, 39, 41, 49, 27]
2009/1/20	Tuesday	[2, 6, 15, 31, 37, 45, 17]
2009/1/19	Monday	[2, 5, 30, 32, 37, 39, 31]
2009/1/18	Sunday	[4, 19, 24, 37, 43, 45, 30]
2009/1/17	Saturday	[9, 11, 15, 32, 37, 39, 8]
2009/1/16	Friday	[4, 15, 41, 43, 44, 49, 9]
2009/1/15	Thursday	[2, 17, 18, 32, 37, 42, 14]
2009/1/14	Wednesday	[3, 6, 25, 32, 34, 39, 46]
2009/1/13	Tuesday	[3, 4, 18, 30, 35, 39, 10]
2009/1/12	Monday	[5, 8, 19, 30, 39, 47, 49]
2009/1/11	Sunday	[17, 19, 20, 28, 45, 48, 47]
2009/1/10	Saturday	[1, 25, 29, 38, 40, 44, 9]
2009/1/9	Friday	[4, 17, 27, 31, 35, 36, 13]
2009/1/8	Thursday	[7, 12, 15, 27, 37, 49, 39]
2009/1/7	Wednesday	[2, 15, 16, 36, 47, 48, 6]
2009/1/6	Tuesday	[7, 14, 15, 20, 42, 48, 41]
2009/1/5	Monday	[6, 25, 39, 41, 46, 47, 45]
2009/1/4	Sunday	[8, 14, 20, 22, 27, 30, 2]
2009/1/3	Saturday	[18, 30, 31, 40, 42, 47, 3]
2009/1/2	Friday	[5, 12, 21, 24, 34, 49, 35]
2009/1/1	Thursday	[4, 14, 17, 18, 20, 28, 34]
