Date	Day	result
2011/12/31	Saturday	[1, 8, 19, 21, 32, 45, 35]
2011/12/30	Friday	[4, 15, 18, 23, 24, 30, 43]
2011/12/29	Thursday	[1, 12, 22, 32, 41, 42, 15]
2011/12/28	Wednesday	[2, 22, 29, 31, 43, 49, 10]
2011/12/27	Tuesday	[2, 11, 14, 21, 31, 42, 18]
2011/12/26	Monday	[2, 28, 31, 35, 38, 44, 42]
2011/12/24	Saturday	[10, 14, 26, 30, 41, 47, 6]
2011/12/23	Friday	[23, 24, 30, 32, 40, 49, 2]
2011/12/22	Thursday	[2, 5, 22, 27, 29, 48, 11]
2011/12/21	Wednesday	[8, 9, 13, 29, 39, 49, 23]
2011/12/20	Tuesday	[2, 23, 31, 39, 44, 48, 7]
2011/12/19	Monday	[3, 8, 21, 26, 27, 37, 46]
2011/12/18	Sunday	[2, 4, 26, 38, 47, 48, 23]
2011/12/17	Saturday	[2, 9, 13, 31, 39, 48, 44]
2011/12/16	Friday	[7, 9, 20, 36, 41, 44, 15]
2011/12/15	Thursday	[3, 14, 34, 35, 42, 49, 41]
2011/12/14	Wednesday	[1, 9, 15, 24, 39, 49, 6]
2011/12/13	Tuesday	[1, 2, 9, 13, 24, 25, 35]
2011/12/12	Monday	[9, 18, 25, 28, 33, 48, 30]
2011/12/11	Sunday	[18, 22, 25, 27, 33, 34, 38]
2011/12/10	Saturday	[8, 9, 12, 14, 22, 48, 35]
2011/12/9	Friday	[14, 28, 31, 40, 41, 43, 44]
2011/12/8	Thursday	[1, 14, 21, 22, 35, 39, 40]
2011/12/7	Wednesday	[7, 14, 22, 33, 34, 35, 40]
2011/12/6	Tuesday	[2, 3, 12, 27, 46, 47, 10]
2011/12/5	Monday	[22, 25, 36, 38, 41, 49, 23]
2011/12/4	Sunday	[11, 12, 14, 25, 26, 39, 46]
2011/12/3	Saturday	[9, 16, 18, 26, 29, 49, 35]
2011/12/2	Friday	[3, 4, 15, 21, 23, 36, 39]
2011/12/1	Thursday	[4, 18, 34, 37, 40, 42, 14]
2011/11/30	Wednesday	[5, 11, 13, 15, 26, 35, 9]
2011/11/29	Tuesday	[9, 23, 26, 31, 34, 35, 49]
2011/11/28	Monday	[5, 10, 15, 33, 34, 37, 4]
2011/11/27	Sunday	[23, 35, 37, 39, 40, 46, 12]
2011/11/26	Saturday	[20, 24, 33, 39, 43, 46, 37]
2011/11/25	Friday	[1, 5, 8, 43, 44, 47, 6]
2011/11/24	Thursday	[6, 18, 27, 34, 43, 49, 28]
2011/11/23	Wednesday	[14, 21, 28, 36, 40, 47, 13]
2011/11/22	Tuesday	[19, 27, 33, 34, 45, 46, 48]
2011/11/21	Monday	[4, 11, 18, 28, 35, 39, 44]
2011/11/20	Sunday	[1, 15, 21, 24, 28, 49, 43]
2011/11/19	Saturday	[6, 20, 21, 28, 44, 46, 23]
2011/11/18	Friday	[3, 9, 10, 30, 41, 43, 23]
2011/11/17	Thursday	[3, 18, 20, 24, 27, 46, 49]
2011/11/16	Wednesday	[10, 20, 25, 27, 34, 45, 36]
2011/11/15	Tuesday	[2, 5, 19, 22, 36, 46, 47]
2011/11/14	Monday	[13, 22, 26, 31, 39, 46, 37]
2011/11/13	Sunday	[4, 6, 17, 20, 21, 39, 36]
2011/11/12	Saturday	[2, 23, 27, 29, 34, 38, 46]
2011/11/11	Friday	[4, 5, 19, 20, 21, 42, 15]
2011/11/10	Thursday	[13, 15, 17, 18, 38, 46, 36]
2011/11/9	Wednesday	[4, 11, 15, 16, 27, 44, 48]
2011/11/8	Tuesday	[1, 14, 19, 29, 35, 39, 25]
2011/11/7	Monday	[3, 4, 26, 30, 34, 37, 29]
2011/11/6	Sunday	[9, 20, 27, 37, 46, 47, 34]
2011/11/5	Saturday	[5, 11, 19, 24, 30, 37, 4]
2011/11/4	Friday	[5, 12, 23, 24, 27, 37, 19]
2011/11/3	Thursday	[1, 30, 41, 43, 46, 48, 6]
2011/11/2	Wednesday	[12, 14, 18, 24, 34, 35, 32]
2011/11/1	Tuesday	[3, 16, 32, 40, 44, 49, 5]
2011/10/31	Monday	[9, 20, 23, 25, 29, 30, 8]
2011/10/30	Sunday	[18, 31, 36, 38, 41, 44, 25]
2011/10/29	Saturday	[7, 16, 34, 37, 40, 46, 32]
2011/10/28	Friday	[8, 15, 19, 25, 44, 46, 11]
2011/10/27	Thursday	[5, 14, 16, 32, 38, 43, 11]
2011/10/26	Wednesday	[2, 27, 29, 31, 38, 47, 10]
2011/10/25	Tuesday	[8, 9, 10, 14, 33, 40, 28]
2011/10/24	Monday	[1, 9, 15, 22, 37, 48, 8]
2011/10/23	Sunday	[1, 12, 28, 34, 42, 47, 24]
2011/10/22	Saturday	[1, 2, 13, 15, 16, 39, 25]
2011/10/21	Friday	[1, 3, 33, 38, 39, 42, 4]
2011/10/20	Thursday	[7, 23, 25, 27, 33, 34, 9]
2011/10/19	Wednesday	[3, 6, 19, 23, 26, 33, 10]
2011/10/18	Tuesday	[4, 11, 17, 25, 34, 48, 35]
2011/10/17	Monday	[3, 12, 16, 17, 19, 37, 31]
2011/10/16	Sunday	[1, 12, 33, 35, 41, 43, 13]
2011/10/15	Saturday	[13, 28, 32, 39, 40, 41, 5]
2011/10/14	Friday	[18, 20, 22, 46, 47, 48, 35]
2011/10/13	Thursday	[3, 16, 20, 21, 28, 48, 12]
2011/10/12	Wednesday	[1, 5, 17, 26, 36, 46, 37]
2011/10/11	Tuesday	[20, 26, 27, 28, 29, 47, 4]
2011/10/10	Monday	[8, 12, 18, 21, 39, 40, 41]
2011/10/9	Sunday	[15, 21, 32, 33, 34, 42, 26]
2011/10/8	Saturday	[5, 21, 22, 30, 31, 42, 27]
2011/10/7	Friday	[1, 17, 24, 31, 38, 48, 28]
2011/10/6	Thursday	[7, 13, 23, 30, 31, 36, 12]
2011/10/5	Wednesday	[4, 5, 12, 20, 26, 45, 41]
2011/10/4	Tuesday	[10, 11, 17, 26, 40, 49, 33]
2011/10/3	Monday	[12, 13, 23, 24, 27, 29, 26]
2011/10/2	Sunday	[4, 6, 10, 25, 36, 38, 23]
2011/10/1	Saturday	[5, 35, 37, 39, 44, 48, 36]
2011/9/30	Friday	[4, 13, 19, 23, 26, 49, 7]
2011/9/29	Thursday	[4, 15, 21, 28, 34, 44, 26]
2011/9/28	Wednesday	[1, 9, 19, 25, 41, 49, 13]
2011/9/27	Tuesday	[4, 13, 20, 25, 42, 47, 18]
2011/9/26	Monday	[3, 17, 18, 28, 33, 38, 36]
2011/9/25	Sunday	[10, 15, 23, 41, 45, 48, 39]
2011/9/24	Saturday	[3, 12, 24, 25, 33, 48, 8]
2011/9/23	Friday	[9, 12, 15, 16, 37, 49, 30]
2011/9/22	Thursday	[8, 15, 21, 26, 27, 40, 43]
2011/9/21	Wednesday	[10, 30, 33, 39, 46, 48, 23]
2011/9/20	Tuesday	[5, 6, 7, 16, 22, 27, 32]
2011/9/19	Monday	[5, 7, 18, 21, 38, 40, 32]
2011/9/18	Sunday	[13, 14, 33, 39, 42, 47, 16]
2011/9/17	Saturday	[13, 21, 27, 33, 36, 46, 31]
2011/9/16	Friday	[22, 29, 30, 34, 37, 38, 36]
2011/9/15	Thursday	[10, 19, 20, 23, 27, 39, 28]
2011/9/14	Wednesday	[4, 6, 21, 28, 38, 44, 48]
2011/9/13	Tuesday	[7, 8, 14, 16, 17, 27, 48]
2011/9/12	Monday	[8, 10, 22, 30, 31, 49, 20]
2011/9/11	Sunday	[14, 15, 21, 27, 36, 40, 23]
2011/9/10	Saturday	[13, 22, 25, 27, 35, 42, 3]
2011/9/9	Friday	[1, 3, 17, 20, 39, 49, 31]
2011/9/8	Thursday	[14, 15, 19, 39, 44, 49, 4]
2011/9/7	Wednesday	[2, 6, 19, 27, 43, 46, 15]
2011/9/6	Tuesday	[4, 17, 23, 26, 43, 46, 7]
2011/9/5	Monday	[16, 20, 25, 27, 32, 34, 31]
2011/9/4	Sunday	[10, 27, 40, 44, 46, 47, 45]
2011/9/3	Saturday	[4, 13, 21, 23, 26, 37, 20]
2011/9/2	Friday	[10, 12, 13, 16, 19, 37, 8]
2011/9/1	Thursday	[9, 11, 17, 28, 41, 47, 33]
2011/8/31	Wednesday	[12, 18, 22, 28, 40, 49, 27]
2011/8/30	Tuesday	[9, 10, 21, 23, 42, 46, 15]
2011/8/29	Monday	[11, 13, 22, 23, 28, 42, 10]
2011/8/28	Sunday	[15, 16, 23, 25, 27, 42, 48]
2011/8/27	Saturday	[7, 9, 13, 30, 33, 41, 12]
2011/8/26	Friday	[2, 4, 25, 31, 38, 48, 19]
2011/8/25	Thursday	[2, 28, 32, 34, 42, 43, 21]
2011/8/24	Wednesday	[6, 12, 27, 32, 42, 47, 36]
2011/8/23	Tuesday	[8, 16, 17, 26, 31, 33, 14]
2011/8/22	Monday	[6, 13, 15, 21, 23, 27, 37]
2011/8/21	Sunday	[3, 13, 23, 33, 43, 44, 41]
2011/8/20	Saturday	[2, 5, 6, 11, 12, 39, 24]
2011/8/19	Friday	[3, 5, 11, 17, 29, 42, 43]
2011/8/18	Thursday	[8, 9, 26, 29, 35, 42, 13]
2011/8/17	Wednesday	[15, 19, 30, 42, 47, 48, 20]
2011/8/16	Tuesday	[3, 4, 20, 25, 28, 33, 35]
2011/8/15	Monday	[2, 12, 18, 28, 33, 48, 16]
2011/8/14	Sunday	[3, 10, 19, 25, 31, 45, 5]
2011/8/13	Saturday	[2, 4, 20, 41, 44, 49, 12]
2011/8/12	Friday	[17, 26, 31, 33, 47, 48, 46]
2011/8/11	Thursday	[5, 8, 34, 41, 43, 44, 12]
2011/8/10	Wednesday	[7, 13, 26, 36, 42, 44, 3]
2011/8/9	Tuesday	[1, 7, 17, 19, 33, 36, 21]
2011/8/8	Monday	[10, 33, 38, 39, 44, 45, 5]
2011/8/7	Sunday	[8, 16, 20, 22, 40, 47, 4]
2011/8/6	Saturday	[22, 23, 37, 38, 46, 49, 39]
2011/8/5	Friday	[2, 14, 15, 28, 32, 49, 43]
2011/8/4	Thursday	[2, 3, 14, 32, 40, 46, 35]
2011/8/3	Wednesday	[22, 26, 40, 45, 47, 48, 46]
2011/8/2	Tuesday	[13, 15, 23, 31, 42, 48, 39]
2011/8/1	Monday	[4, 11, 12, 16, 17, 19, 5]
2011/7/31	Sunday	[5, 13, 14, 17, 18, 32, 16]
2011/7/30	Saturday	[17, 24, 30, 47, 48, 49, 10]
2011/7/29	Friday	[20, 29, 35, 37, 43, 47, 27]
2011/7/28	Thursday	[2, 4, 22, 28, 33, 46, 12]
2011/7/27	Wednesday	[7, 12, 25, 28, 42, 49, 18]
2011/7/26	Tuesday	[14, 16, 19, 28, 34, 47, 18]
2011/7/25	Monday	[7, 9, 12, 15, 18, 24, 38]
2011/7/24	Sunday	[12, 26, 27, 37, 40, 46, 2]
2011/7/23	Saturday	[1, 13, 19, 39, 46, 47, 30]
2011/7/22	Friday	[20, 22, 37, 38, 45, 49, 42]
2011/7/21	Thursday	[11, 22, 30, 31, 32, 33, 6]
2011/7/20	Wednesday	[10, 22, 32, 37, 48, 49, 31]
2011/7/19	Tuesday	[3, 13, 18, 30, 41, 48, 27]
2011/7/18	Monday	[1, 13, 21, 26, 28, 35, 18]
2011/7/17	Sunday	[7, 16, 25, 32, 34, 37, 30]
2011/7/16	Saturday	[3, 12, 18, 21, 30, 39, 36]
2011/7/15	Friday	[5, 6, 17, 27, 31, 42, 9]
2011/7/14	Thursday	[11, 12, 35, 40, 46, 47, 18]
2011/7/13	Wednesday	[3, 13, 26, 28, 30, 43, 40]
2011/7/12	Tuesday	[27, 30, 31, 45, 47, 48, 8]
2011/7/11	Monday	[5, 8, 16, 21, 30, 46, 6]
2011/7/10	Sunday	[2, 6, 19, 22, 33, 48, 44]
2011/7/9	Saturday	[1, 16, 31, 33, 35, 37, 13]
2011/7/8	Friday	[2, 15, 18, 19, 30, 37, 14]
2011/7/7	Thursday	[4, 7, 9, 12, 24, 47, 13]
2011/7/6	Wednesday	[5, 7, 11, 17, 44, 48, 3]
2011/7/5	Tuesday	[2, 19, 22, 28, 43, 44, 30]
2011/7/4	Monday	[13, 14, 16, 21, 35, 39, 25]
2011/7/3	Sunday	[3, 9, 11, 33, 44, 45, 24]
2011/7/2	Saturday	[3, 5, 22, 45, 47, 48, 4]
2011/7/1	Friday	[2, 6, 17, 20, 24, 44, 13]
2011/6/30	Thursday	[19, 25, 27, 34, 39, 48, 13]
2011/6/29	Wednesday	[2, 19, 27, 41, 47, 48, 7]
2011/6/28	Tuesday	[3, 7, 25, 30, 37, 39, 16]
2011/6/27	Monday	[5, 31, 34, 38, 43, 47, 49]
2011/6/26	Sunday	[3, 15, 19, 31, 44, 47, 26]
2011/6/25	Saturday	[8, 13, 22, 29, 42, 43, 30]
2011/6/24	Friday	[1, 17, 32, 36, 39, 41, 20]
2011/6/23	Thursday	[4, 8, 11, 21, 34, 35, 44]
2011/6/22	Wednesday	[3, 11, 35, 38, 42, 43, 20]
2011/6/21	Tuesday	[3, 22, 28, 34, 42, 46, 44]
2011/6/20	Monday	[7, 12, 14, 27, 32, 49, 46]
2011/6/19	Sunday	[2, 20, 23, 30, 42, 48, 26]
2011/6/18	Saturday	[8, 17, 25, 35, 41, 48, 5]
2011/6/17	Friday	[16, 17, 29, 31, 38, 45, 3]
2011/6/16	Thursday	[8, 25, 28, 36, 39, 48, 29]
2011/6/15	Wednesday	[21, 24, 41, 44, 47, 48, 32]
2011/6/14	Tuesday	[18, 19, 26, 27, 30, 44, 13]
2011/6/13	Monday	[7, 15, 16, 26, 32, 45, 9]
2011/6/12	Sunday	[5, 8, 11, 29, 44, 48, 46]
2011/6/11	Saturday	[1, 21, 29, 34, 37, 48, 4]
2011/6/10	Friday	[15, 16, 18, 32, 39, 44, 23]
2011/6/9	Thursday	[3, 4, 5, 26, 41, 47, 15]
2011/6/8	Wednesday	[4, 13, 27, 28, 30, 45, 37]
2011/6/7	Tuesday	[23, 24, 41, 44, 46, 48, 3]
2011/6/6	Monday	[6, 16, 17, 25, 41, 44, 12]
2011/6/5	Sunday	[2, 3, 14, 20, 21, 29, 13]
2011/6/4	Saturday	[6, 19, 31, 34, 40, 43, 17]
2011/6/3	Friday	[18, 20, 33, 38, 45, 47, 27]
2011/6/2	Thursday	[3, 19, 31, 40, 46, 47, 48]
2011/6/1	Wednesday	[4, 11, 20, 28, 33, 41, 19]
2011/5/31	Tuesday	[21, 27, 31, 39, 42, 48, 40]
2011/5/30	Monday	[5, 18, 26, 31, 38, 45, 44]
2011/5/29	Sunday	[13, 23, 25, 26, 36, 48, 22]
2011/5/28	Saturday	[8, 10, 14, 17, 24, 41, 47]
2011/5/27	Friday	[3, 4, 11, 32, 38, 39, 19]
2011/5/26	Thursday	[9, 13, 15, 22, 25, 47, 7]
2011/5/25	Wednesday	[17, 22, 31, 37, 42, 43, 36]
2011/5/24	Tuesday	[22, 23, 26, 28, 48, 49, 42]
2011/5/23	Monday	[19, 21, 28, 34, 35, 36, 30]
2011/5/22	Sunday	[3, 9, 14, 35, 37, 40, 12]
2011/5/21	Saturday	[4, 23, 30, 31, 40, 42, 13]
2011/5/20	Friday	[16, 18, 22, 23, 31, 47, 9]
2011/5/19	Thursday	[8, 12, 19, 23, 31, 48, 46]
2011/5/18	Wednesday	[4, 5, 15, 26, 33, 44, 21]
2011/5/17	Tuesday	[19, 26, 38, 39, 45, 47, 35]
2011/5/16	Monday	[14, 19, 24, 33, 46, 47, 30]
2011/5/15	Sunday	[1, 2, 8, 31, 41, 43, 25]
2011/5/14	Saturday	[6, 28, 33, 35, 44, 46, 31]
2011/5/13	Friday	[10, 11, 24, 33, 47, 48, 14]
2011/5/12	Thursday	[18, 24, 25, 26, 36, 43, 39]
2011/5/11	Wednesday	[19, 20, 33, 39, 42, 46, 41]
2011/5/10	Tuesday	[12, 18, 19, 23, 28, 37, 10]
2011/5/9	Monday	[7, 9, 14, 18, 29, 41, 42]
2011/5/8	Sunday	[12, 17, 30, 32, 36, 42, 27]
2011/5/7	Saturday	[1, 15, 24, 34, 36, 37, 16]
2011/5/6	Friday	[4, 8, 14, 17, 30, 39, 45]
2011/5/5	Thursday	[19, 22, 23, 30, 33, 42, 7]
2011/5/4	Wednesday	[11, 17, 23, 26, 36, 41, 15]
2011/5/3	Tuesday	[13, 15, 22, 39, 40, 45, 24]
2011/5/2	Monday	[3, 7, 10, 11, 12, 26, 8]
2011/5/1	Sunday	[13, 15, 16, 20, 22, 34, 44]
2011/4/30	Saturday	[8, 24, 25, 34, 37, 45, 18]
2011/4/29	Friday	[2, 24, 36, 40, 43, 48, 34]
2011/4/28	Thursday	[2, 5, 11, 18, 40, 46, 7]
2011/4/27	Wednesday	[7, 19, 30, 32, 33, 39, 37]
2011/4/26	Tuesday	[4, 11, 27, 29, 36, 38, 41]
2011/4/25	Monday	[6, 14, 17, 28, 35, 44, 30]
2011/4/24	Sunday	[10, 15, 17, 38, 42, 45, 49]
2011/4/23	Saturday	[8, 9, 19, 21, 29, 38, 41]
2011/4/22	Friday	[23, 33, 34, 35, 38, 41, 18]
2011/4/21	Thursday	[5, 16, 22, 34, 38, 48, 37]
2011/4/20	Wednesday	[3, 5, 27, 30, 43, 46, 24]
2011/4/19	Tuesday	[6, 7, 24, 30, 42, 44, 27]
2011/4/18	Monday	[3, 4, 10, 12, 27, 48, 9]
2011/4/17	Sunday	[13, 17, 21, 30, 43, 47, 45]
2011/4/16	Saturday	[3, 4, 5, 19, 29, 42, 45]
2011/4/15	Friday	[12, 14, 16, 43, 47, 49, 34]
2011/4/14	Thursday	[12, 18, 29, 30, 31, 33, 2]
2011/4/13	Wednesday	[13, 17, 20, 33, 37, 43, 30]
2011/4/12	Tuesday	[8, 36, 38, 40, 45, 49, 39]
2011/4/11	Monday	[9, 20, 22, 26, 33, 48, 1]
2011/4/10	Sunday	[3, 26, 28, 31, 33, 49, 44]
2011/4/9	Saturday	[6, 7, 22, 27, 38, 45, 31]
2011/4/8	Friday	[10, 36, 39, 42, 44, 49, 32]
2011/4/7	Thursday	[1, 4, 12, 13, 26, 28, 32]
2011/4/6	Wednesday	[8, 21, 27, 31, 43, 47, 48]
2011/4/5	Tuesday	[3, 13, 18, 20, 24, 38, 23]
2011/4/4	Monday	[19, 28, 35, 36, 40, 49, 17]
2011/4/3	Sunday	[8, 10, 20, 23, 30, 43, 6]
2011/4/2	Saturday	[4, 8, 17, 23, 32, 35, 40]
2011/4/1	Friday	[6, 14, 17, 21, 37, 46, 29]
2011/3/31	Thursday	[5, 8, 9, 24, 42, 43, 1]
2011/3/30	Wednesday	[3, 10, 21, 43, 48, 49, 13]
2011/3/29	Tuesday	[7, 18, 19, 25, 33, 44, 6]
2011/3/28	Monday	[13, 19, 28, 31, 34, 44, 46]
2011/3/27	Sunday	[1, 2, 11, 21, 24, 26, 6]
2011/3/26	Saturday	[3, 11, 17, 27, 44, 47, 48]
2011/3/25	Friday	[6, 8, 28, 32, 37, 45, 22]
2011/3/24	Thursday	[15, 18, 19, 24, 32, 34, 10]
2011/3/23	Wednesday	[4, 9, 11, 12, 29, 45, 15]
2011/3/22	Tuesday	[1, 5, 8, 17, 26, 34, 35]
2011/3/21	Monday	[1, 16, 36, 40, 47, 49, 33]
2011/3/20	Sunday	[2, 7, 28, 30, 31, 45, 36]
2011/3/19	Saturday	[18, 29, 30, 35, 37, 42, 19]
2011/3/18	Friday	[1, 15, 18, 20, 24, 36, 37]
2011/3/17	Thursday	[6, 9, 15, 39, 45, 48, 3]
2011/3/16	Wednesday	[11, 28, 31, 32, 38, 41, 4]
2011/3/15	Tuesday	[9, 12, 24, 33, 40, 44, 35]
2011/3/14	Monday	[10, 11, 15, 18, 21, 22, 45]
2011/3/13	Sunday	[3, 7, 9, 33, 37, 41, 43]
2011/3/12	Saturday	[32, 34, 35, 39, 43, 49, 5]
2011/3/11	Friday	[5, 20, 23, 38, 40, 45, 29]
2011/3/10	Thursday	[1, 3, 14, 18, 39, 40, 21]
2011/3/9	Wednesday	[2, 11, 24, 30, 41, 45, 9]
2011/3/8	Tuesday	[15, 17, 30, 35, 42, 48, 12]
2011/3/7	Monday	[2, 8, 17, 23, 28, 39, 26]
2011/3/6	Sunday	[2, 13, 17, 20, 28, 42, 41]
2011/3/5	Saturday	[7, 15, 23, 31, 33, 43, 27]
2011/3/4	Friday	[2, 11, 12, 30, 44, 49, 28]
2011/3/3	Thursday	[5, 6, 12, 21, 25, 44, 28]
2011/3/2	Wednesday	[1, 2, 21, 40, 41, 48, 37]
2011/3/1	Tuesday	[1, 3, 10, 11, 12, 40, 17]
2011/2/28	Monday	[6, 11, 12, 35, 37, 40, 13]
2011/2/27	Sunday	[2, 4, 7, 25, 37, 38, 14]
2011/2/26	Saturday	[3, 19, 23, 40, 46, 49, 24]
2011/2/25	Friday	[6, 25, 28, 33, 46, 48, 23]
2011/2/24	Thursday	[8, 17, 20, 22, 34, 45, 18]
2011/2/23	Wednesday	[1, 10, 22, 32, 37, 45, 5]
2011/2/22	Tuesday	[9, 12, 13, 20, 21, 29, 15]
2011/2/21	Monday	[3, 6, 18, 41, 45, 47, 33]
2011/2/20	Sunday	[16, 20, 22, 44, 45, 48, 49]
2011/2/19	Saturday	[6, 11, 24, 26, 33, 39, 37]
2011/2/18	Friday	[1, 5, 9, 19, 24, 48, 29]
2011/2/17	Thursday	[11, 14, 19, 33, 36, 47, 15]
2011/2/16	Wednesday	[5, 15, 18, 33, 41, 45, 17]
2011/2/15	Tuesday	[23, 26, 33, 34, 47, 49, 1]
2011/2/14	Monday	[3, 7, 25, 29, 31, 39, 35]
2011/2/13	Sunday	[6, 10, 32, 34, 36, 48, 8]
2011/2/12	Saturday	[8, 17, 23, 26, 27, 34, 46]
2011/2/11	Friday	[10, 20, 24, 31, 40, 45, 14]
2011/2/10	Thursday	[12, 21, 23, 38, 39, 47, 31]
2011/2/9	Wednesday	[5, 6, 16, 36, 44, 45, 33]
2011/2/8	Tuesday	[24, 28, 30, 31, 41, 49, 47]
2011/2/7	Monday	[8, 25, 27, 38, 39, 48, 42]
2011/2/6	Sunday	[1, 4, 13, 28, 32, 48, 18]
2011/2/5	Saturday	[18, 19, 23, 26, 38, 42, 46]
2011/2/4	Friday	[2, 18, 21, 45, 46, 48, 30]
2011/2/3	Thursday	[16, 19, 27, 29, 35, 49, 30]
2011/2/2	Wednesday	[1, 6, 14, 18, 23, 34, 33]
2011/2/1	Tuesday	[3, 14, 20, 33, 38, 48, 46]
2011/1/31	Monday	[4, 9, 30, 32, 39, 44, 36]
2011/1/30	Sunday	[15, 32, 39, 44, 46, 48, 37]
2011/1/29	Saturday	[8, 14, 20, 25, 30, 43, 46]
2011/1/28	Friday	[2, 11, 16, 25, 38, 45, 28]
2011/1/27	Thursday	[6, 24, 26, 33, 34, 38, 20]
2011/1/26	Wednesday	[14, 21, 31, 35, 41, 43, 16]
2011/1/25	Tuesday	[6, 8, 27, 36, 37, 40, 21]
2011/1/24	Monday	[19, 27, 30, 36, 37, 40, 47]
2011/1/23	Sunday	[3, 5, 12, 21, 25, 46, 33]
2011/1/22	Saturday	[19, 28, 29, 34, 36, 47, 3]
2011/1/21	Friday	[16, 17, 22, 30, 33, 41, 12]
2011/1/20	Thursday	[4, 31, 37, 38, 40, 48, 8]
2011/1/19	Wednesday	[23, 30, 32, 40, 41, 45, 22]
2011/1/18	Tuesday	[7, 16, 19, 27, 35, 43, 25]
2011/1/17	Monday	[3, 7, 18, 19, 21, 35, 37]
2011/1/16	Sunday	[13, 18, 22, 32, 43, 47, 27]
2011/1/15	Saturday	[15, 27, 28, 32, 37, 41, 47]
2011/1/14	Friday	[8, 20, 22, 25, 28, 32, 41]
2011/1/13	Thursday	[3, 9, 13, 22, 38, 44, 28]
2011/1/12	Wednesday	[9, 16, 28, 31, 37, 41, 46]
2011/1/11	Tuesday	[16, 19, 35, 36, 38, 41, 23]
2011/1/10	Monday	[4, 25, 27, 35, 42, 46, 3]
2011/1/9	Sunday	[20, 26, 29, 34, 36, 39, 25]
2011/1/8	Saturday	[2, 6, 27, 31, 33, 42, 36]
2011/1/7	Friday	[7, 14, 18, 32, 35, 38, 2]
2011/1/6	Thursday	[2, 12, 21, 23, 35, 46, 49]
2011/1/5	Wednesday	[3, 9, 11, 28, 30, 38, 23]
2011/1/4	Tuesday	[5, 13, 19, 23, 34, 45, 2]
2011/1/3	Monday	[17, 23, 25, 26, 29, 38, 18]
2011/1/2	Sunday	[2, 8, 25, 32, 36, 42, 20]
2011/1/1	Saturday	[3, 12, 19, 38, 42, 48, 27]
