Date	Day	result
2006/12/31	Sunday	[7, 15, 24, 25, 33, 40, 5]
2006/12/30	Saturday	[11, 12, 20, 26, 30, 43, 7]
2006/12/29	Friday	[2, 17, 25, 40, 46, 47, 36]
2006/12/28	Thursday	[12, 13, 27, 30, 33, 49, 2]
2006/12/27	Wednesday	[11, 20, 21, 30, 40, 45, 44]
2006/12/26	Tuesday	[4, 23, 28, 31, 36, 38, 43]
2006/12/23	Saturday	[5, 6, 17, 39, 40, 41, 12]
2006/12/22	Friday	[1, 15, 21, 25, 31, 41, 13]
2006/12/21	Thursday	[1, 3, 9, 10, 11, 25, 30]
2006/12/20	Wednesday	[15, 16, 19, 32, 41, 43, 25]
2006/12/19	Tuesday	[3, 8, 18, 42, 44, 47, 49]
2006/12/18	Monday	[9, 10, 23, 36, 40, 45, 20]
2006/12/17	Sunday	[1, 4, 23, 28, 35, 48, 17]
2006/12/16	Saturday	[3, 4, 11, 29, 44, 47, 2]
2006/12/15	Friday	[9, 30, 32, 33, 44, 45, 28]
2006/12/14	Thursday	[2, 16, 17, 26, 28, 30, 32]
2006/12/13	Wednesday	[7, 9, 18, 19, 29, 45, 27]
2006/12/12	Tuesday	[13, 20, 30, 40, 45, 46, 42]
2006/12/11	Monday	[7, 12, 15, 19, 30, 34, 40]
2006/12/10	Sunday	[6, 15, 17, 28, 32, 35, 12]
2006/12/9	Saturday	[18, 31, 35, 36, 39, 48, 27]
2006/12/8	Friday	[12, 13, 20, 29, 34, 41, 8]
2006/12/7	Thursday	[6, 18, 19, 27, 34, 35, 37]
2006/12/6	Wednesday	[2, 16, 21, 27, 32, 34, 8]
2006/12/5	Tuesday	[11, 13, 18, 33, 34, 49, 15]
2006/12/4	Monday	[5, 7, 21, 23, 41, 46, 16]
2006/12/3	Sunday	[8, 14, 25, 34, 37, 44, 13]
2006/12/2	Saturday	[2, 9, 10, 21, 26, 33, 36]
2006/12/1	Friday	[8, 11, 12, 40, 41, 48, 31]
2006/11/30	Thursday	[11, 21, 25, 34, 37, 43, 19]
2006/11/29	Wednesday	[1, 4, 13, 26, 35, 49, 38]
2006/11/28	Tuesday	[2, 18, 32, 36, 44, 46, 14]
2006/11/27	Monday	[8, 21, 29, 36, 37, 42, 3]
2006/11/26	Sunday	[6, 13, 20, 36, 41, 47, 3]
2006/11/25	Saturday	[5, 9, 23, 27, 31, 35, 36]
2006/11/24	Friday	[3, 4, 7, 20, 47, 49, 10]
2006/11/23	Thursday	[5, 13, 25, 34, 40, 42, 22]
2006/11/22	Wednesday	[1, 9, 11, 27, 31, 48, 6]
2006/11/21	Tuesday	[11, 12, 24, 25, 43, 47, 33]
2006/11/20	Monday	[12, 19, 25, 41, 45, 49, 22]
2006/11/19	Sunday	[12, 16, 23, 35, 46, 47, 28]
2006/11/18	Saturday	[2, 4, 24, 41, 46, 48, 29]
2006/11/17	Friday	[12, 13, 28, 31, 35, 43, 10]
2006/11/16	Thursday	[2, 14, 19, 24, 39, 44, 1]
2006/11/15	Wednesday	[1, 14, 15, 22, 25, 43, 23]
2006/11/14	Tuesday	[5, 6, 20, 21, 34, 44, 8]
2006/11/13	Monday	[2, 11, 24, 25, 27, 45, 33]
2006/11/12	Sunday	[8, 9, 32, 42, 47, 48, 16]
2006/11/11	Saturday	[10, 19, 22, 28, 43, 44, 24]
2006/11/10	Friday	[2, 3, 11, 18, 24, 42, 43]
2006/11/9	Thursday	[23, 25, 27, 30, 33, 48, 14]
2006/11/8	Wednesday	[5, 27, 35, 39, 40, 44, 7]
2006/11/7	Tuesday	[19, 21, 24, 29, 43, 44, 25]
2006/11/6	Monday	[6, 8, 18, 35, 37, 41, 36]
2006/11/5	Sunday	[10, 18, 26, 40, 42, 44, 46]
2006/11/4	Saturday	[16, 25, 29, 36, 41, 42, 4]
2006/11/3	Friday	[9, 18, 23, 26, 30, 44, 3]
2006/11/2	Thursday	[9, 19, 22, 24, 39, 45, 23]
2006/11/1	Wednesday	[4, 6, 15, 26, 32, 42, 13]
2006/10/31	Tuesday	[14, 21, 29, 35, 37, 41, 47]
2006/10/30	Monday	[1, 11, 14, 19, 26, 42, 25]
2006/10/29	Sunday	[4, 21, 36, 40, 43, 48, 27]
2006/10/28	Saturday	[10, 16, 23, 25, 32, 47, 42]
2006/10/27	Friday	[1, 5, 6, 31, 39, 43, 7]
2006/10/26	Thursday	[13, 16, 30, 43, 44, 49, 6]
2006/10/25	Wednesday	[8, 22, 30, 33, 45, 46, 5]
2006/10/24	Tuesday	[1, 14, 18, 23, 32, 39, 19]
2006/10/23	Monday	[13, 14, 16, 37, 39, 47, 35]
2006/10/22	Sunday	[4, 8, 17, 29, 44, 45, 13]
2006/10/21	Saturday	[10, 29, 35, 38, 42, 46, 14]
2006/10/20	Friday	[12, 27, 31, 35, 37, 38, 17]
2006/10/19	Thursday	[16, 28, 32, 35, 46, 47, 6]
2006/10/18	Wednesday	[8, 17, 19, 34, 42, 47, 30]
2006/10/17	Tuesday	[7, 21, 22, 23, 38, 44, 8]
2006/10/16	Monday	[18, 19, 28, 29, 30, 35, 11]
2006/10/15	Sunday	[1, 10, 12, 16, 21, 49, 48]
2006/10/14	Saturday	[15, 17, 32, 37, 39, 45, 28]
2006/10/13	Friday	[1, 13, 19, 33, 35, 40, 18]
2006/10/12	Thursday	[2, 11, 20, 23, 24, 38, 46]
2006/10/11	Wednesday	[2, 8, 17, 20, 21, 44, 34]
2006/10/10	Tuesday	[13, 23, 24, 32, 35, 37, 19]
2006/10/9	Monday	[6, 20, 24, 31, 34, 38, 17]
2006/10/8	Sunday	[5, 7, 17, 26, 32, 48, 49]
2006/10/7	Saturday	[6, 18, 21, 24, 25, 45, 13]
2006/10/6	Friday	[16, 23, 28, 34, 41, 43, 7]
2006/10/5	Thursday	[2, 11, 14, 20, 26, 36, 4]
2006/10/4	Wednesday	[12, 16, 23, 27, 34, 37, 36]
2006/10/3	Tuesday	[9, 11, 15, 17, 33, 47, 2]
2006/10/2	Monday	[11, 14, 22, 32, 37, 41, 47]
2006/10/1	Sunday	[9, 14, 24, 33, 38, 47, 27]
2006/9/30	Saturday	[8, 20, 23, 34, 46, 49, 29]
2006/9/29	Friday	[6, 17, 20, 23, 24, 44, 34]
2006/9/28	Thursday	[18, 20, 26, 34, 41, 48, 47]
2006/9/27	Wednesday	[10, 13, 18, 23, 36, 37, 14]
2006/9/26	Tuesday	[5, 25, 27, 35, 38, 39, 10]
2006/9/25	Monday	[7, 14, 32, 43, 46, 47, 29]
2006/9/24	Sunday	[2, 6, 36, 38, 39, 43, 13]
2006/9/23	Saturday	[2, 7, 34, 36, 39, 47, 37]
2006/9/22	Friday	[15, 20, 25, 29, 40, 46, 7]
2006/9/21	Thursday	[6, 8, 9, 27, 41, 49, 30]
2006/9/20	Wednesday	[13, 21, 25, 33, 34, 35, 39]
2006/9/19	Tuesday	[16, 21, 22, 34, 40, 49, 12]
2006/9/18	Monday	[11, 16, 28, 35, 44, 48, 22]
2006/9/17	Sunday	[3, 4, 32, 35, 37, 41, 33]
2006/9/16	Saturday	[19, 26, 28, 32, 41, 45, 5]
2006/9/15	Friday	[2, 6, 12, 40, 43, 49, 41]
2006/9/14	Thursday	[6, 7, 27, 28, 46, 47, 41]
2006/9/13	Wednesday	[9, 30, 32, 33, 41, 43, 36]
2006/9/12	Tuesday	[4, 7, 9, 22, 42, 44, 8]
2006/9/11	Monday	[6, 13, 17, 19, 22, 31, 3]
2006/9/10	Sunday	[3, 20, 38, 40, 44, 49, 19]
2006/9/9	Saturday	[1, 23, 31, 36, 44, 46, 27]
2006/9/8	Friday	[14, 22, 25, 27, 31, 46, 15]
2006/9/7	Thursday	[3, 22, 33, 40, 42, 45, 26]
2006/9/6	Wednesday	[7, 11, 12, 26, 41, 48, 46]
2006/9/5	Tuesday	[5, 22, 27, 35, 37, 49, 23]
2006/9/4	Monday	[8, 11, 14, 26, 39, 46, 18]
2006/9/3	Sunday	[4, 9, 10, 17, 30, 40, 13]
2006/9/2	Saturday	[3, 13, 32, 42, 45, 48, 18]
2006/9/1	Friday	[10, 11, 20, 32, 42, 49, 19]
2006/8/31	Thursday	[20, 25, 30, 36, 37, 48, 47]
2006/8/30	Wednesday	[3, 16, 18, 24, 26, 44, 2]
2006/8/29	Tuesday	[9, 10, 11, 27, 38, 40, 43]
2006/8/28	Monday	[3, 8, 16, 34, 41, 43, 27]
2006/8/27	Sunday	[1, 7, 9, 16, 29, 42, 18]
2006/8/26	Saturday	[14, 25, 27, 40, 41, 42, 6]
2006/8/25	Friday	[2, 16, 36, 37, 41, 43, 27]
2006/8/24	Thursday	[4, 6, 8, 16, 32, 48, 19]
2006/8/23	Wednesday	[6, 16, 24, 30, 31, 43, 39]
2006/8/22	Tuesday	[1, 2, 32, 34, 40, 47, 39]
2006/8/21	Monday	[14, 15, 26, 29, 33, 44, 9]
2006/8/20	Sunday	[2, 7, 16, 28, 35, 40, 32]
2006/8/19	Saturday	[7, 11, 15, 28, 43, 49, 23]
2006/8/18	Friday	[9, 14, 27, 30, 31, 36, 12]
2006/8/17	Thursday	[5, 8, 18, 39, 40, 41, 9]
2006/8/16	Wednesday	[15, 19, 20, 25, 35, 48, 13]
2006/8/15	Tuesday	[9, 15, 18, 19, 23, 29, 30]
2006/8/14	Monday	[4, 10, 14, 16, 32, 44, 20]
2006/8/13	Sunday	[17, 21, 33, 43, 44, 47, 20]
2006/8/12	Saturday	[14, 24, 26, 41, 44, 46, 3]
2006/8/11	Friday	[1, 4, 10, 14, 36, 49, 3]
2006/8/10	Thursday	[9, 19, 28, 30, 48, 49, 35]
2006/8/9	Wednesday	[2, 20, 22, 26, 30, 32, 21]
2006/8/8	Tuesday	[2, 7, 17, 23, 26, 30, 49]
2006/8/7	Monday	[6, 17, 22, 24, 33, 34, 29]
2006/8/6	Sunday	[15, 21, 24, 28, 40, 41, 25]
2006/8/5	Saturday	[1, 11, 16, 20, 23, 35, 29]
2006/8/4	Friday	[10, 14, 15, 19, 21, 32, 40]
2006/8/3	Thursday	[12, 14, 15, 22, 27, 28, 19]
2006/8/2	Wednesday	[5, 10, 21, 22, 34, 40, 33]
2006/8/1	Tuesday	[6, 7, 9, 28, 33, 38, 22]
2006/7/31	Monday	[4, 16, 22, 28, 37, 40, 35]
2006/7/30	Sunday	[2, 21, 34, 37, 44, 46, 42]
2006/7/29	Saturday	[8, 16, 19, 29, 31, 40, 1]
2006/7/28	Friday	[1, 4, 14, 21, 26, 44, 9]
2006/7/27	Thursday	[2, 13, 18, 26, 34, 36, 10]
2006/7/26	Wednesday	[22, 26, 29, 31, 43, 44, 14]
2006/7/25	Tuesday	[12, 13, 26, 29, 45, 49, 35]
2006/7/24	Monday	[13, 29, 31, 37, 42, 49, 12]
2006/7/23	Sunday	[8, 9, 20, 24, 45, 47, 3]
2006/7/22	Saturday	[6, 16, 17, 18, 34, 45, 10]
2006/7/21	Friday	[9, 24, 25, 27, 35, 43, 12]
2006/7/20	Thursday	[5, 7, 19, 23, 37, 44, 39]
2006/7/19	Wednesday	[19, 20, 25, 26, 41, 45, 39]
2006/7/18	Tuesday	[6, 10, 28, 34, 39, 47, 16]
2006/7/17	Monday	[9, 17, 20, 27, 29, 36, 14]
2006/7/16	Sunday	[9, 12, 20, 22, 37, 48, 39]
2006/7/15	Saturday	[13, 23, 28, 36, 38, 40, 37]
2006/7/14	Friday	[11, 13, 29, 39, 42, 49, 36]
2006/7/13	Thursday	[1, 6, 10, 33, 34, 48, 19]
2006/7/12	Wednesday	[13, 17, 26, 34, 37, 49, 42]
2006/7/11	Tuesday	[7, 33, 35, 37, 38, 47, 8]
2006/7/10	Monday	[1, 5, 7, 9, 20, 38, 15]
2006/7/9	Sunday	[12, 18, 21, 39, 43, 47, 36]
2006/7/8	Saturday	[9, 10, 11, 16, 19, 37, 2]
2006/7/7	Friday	[5, 28, 36, 40, 46, 47, 49]
2006/7/6	Thursday	[12, 17, 24, 33, 41, 49, 5]
2006/7/5	Wednesday	[3, 15, 16, 37, 43, 44, 40]
2006/7/4	Tuesday	[9, 10, 23, 35, 36, 43, 4]
2006/7/3	Monday	[16, 23, 30, 31, 32, 47, 41]
2006/7/2	Sunday	[10, 12, 18, 37, 39, 49, 28]
2006/7/1	Saturday	[8, 9, 12, 22, 42, 44, 5]
2006/6/30	Friday	[10, 27, 28, 33, 36, 43, 30]
2006/6/29	Thursday	[12, 16, 18, 19, 25, 45, 43]
2006/6/28	Wednesday	[14, 16, 23, 24, 40, 46, 27]
2006/6/27	Tuesday	[7, 14, 19, 35, 38, 40, 41]
2006/6/26	Monday	[11, 18, 19, 22, 33, 41, 34]
2006/6/25	Sunday	[3, 5, 12, 36, 41, 46, 47]
2006/6/24	Saturday	[1, 7, 26, 30, 40, 48, 5]
2006/6/23	Friday	[10, 41, 44, 46, 47, 49, 3]
2006/6/22	Thursday	[5, 20, 27, 30, 35, 43, 15]
2006/6/21	Wednesday	[9, 19, 29, 37, 39, 41, 27]
2006/6/20	Tuesday	[2, 3, 23, 29, 43, 49, 14]
2006/6/19	Monday	[14, 24, 25, 29, 35, 46, 21]
2006/6/18	Sunday	[6, 19, 32, 40, 42, 43, 10]
2006/6/17	Saturday	[28, 35, 37, 39, 43, 48, 3]
2006/6/16	Friday	[10, 16, 32, 42, 43, 49, 1]
2006/6/15	Thursday	[2, 3, 5, 37, 39, 47, 42]
2006/6/14	Wednesday	[1, 4, 16, 29, 30, 32, 34]
2006/6/13	Tuesday	[1, 14, 18, 28, 30, 33, 19]
2006/6/12	Monday	[6, 7, 13, 14, 18, 40, 44]
2006/6/11	Sunday	[1, 10, 12, 22, 40, 44, 45]
2006/6/10	Saturday	[1, 16, 23, 27, 33, 41, 38]
2006/6/9	Friday	[12, 22, 23, 26, 44, 48, 27]
2006/6/8	Thursday	[7, 8, 12, 24, 40, 44, 27]
2006/6/7	Wednesday	[3, 7, 13, 19, 31, 35, 8]
2006/6/6	Tuesday	[1, 11, 24, 32, 37, 46, 47]
2006/6/5	Monday	[11, 28, 30, 31, 44, 49, 29]
2006/6/4	Sunday	[5, 9, 16, 24, 25, 42, 12]
2006/6/3	Saturday	[10, 13, 16, 38, 39, 49, 18]
2006/6/2	Friday	[4, 17, 21, 23, 38, 44, 11]
2006/6/1	Thursday	[3, 10, 15, 27, 32, 44, 17]
2006/5/31	Wednesday	[5, 6, 12, 16, 26, 40, 48]
2006/5/30	Tuesday	[1, 23, 37, 43, 46, 48, 13]
2006/5/29	Monday	[2, 3, 4, 20, 23, 44, 12]
2006/5/28	Sunday	[3, 16, 26, 27, 37, 47, 45]
2006/5/27	Saturday	[4, 11, 18, 22, 44, 45, 14]
2006/5/26	Friday	[3, 5, 13, 21, 23, 30, 36]
2006/5/25	Thursday	[2, 30, 32, 35, 37, 45, 14]
2006/5/24	Wednesday	[7, 10, 14, 24, 28, 42, 33]
2006/5/23	Tuesday	[10, 19, 21, 22, 37, 47, 14]
2006/5/22	Monday	[6, 22, 23, 30, 37, 48, 4]
2006/5/21	Sunday	[11, 13, 14, 26, 33, 43, 31]
2006/5/20	Saturday	[4, 6, 11, 14, 32, 41, 24]
2006/5/19	Friday	[8, 22, 37, 38, 42, 46, 1]
2006/5/18	Thursday	[4, 16, 24, 28, 42, 49, 30]
2006/5/17	Wednesday	[4, 19, 21, 25, 39, 48, 13]
2006/5/16	Tuesday	[12, 25, 38, 39, 42, 47, 36]
2006/5/15	Monday	[5, 8, 9, 13, 34, 45, 46]
2006/5/14	Sunday	[16, 21, 24, 27, 41, 48, 44]
2006/5/13	Saturday	[13, 16, 28, 29, 36, 47, 49]
2006/5/12	Friday	[1, 5, 8, 18, 27, 37, 31]
2006/5/11	Thursday	[5, 10, 13, 22, 25, 49, 6]
2006/5/10	Wednesday	[1, 5, 15, 31, 43, 47, 44]
2006/5/9	Tuesday	[8, 9, 10, 13, 19, 48, 15]
2006/5/8	Monday	[5, 7, 15, 31, 39, 44, 40]
2006/5/7	Sunday	[2, 13, 15, 26, 31, 45, 18]
2006/5/6	Saturday	[1, 2, 33, 41, 45, 46, 20]
2006/5/5	Friday	[22, 26, 27, 38, 41, 46, 20]
2006/5/4	Thursday	[1, 16, 22, 25, 32, 47, 3]
2006/5/3	Wednesday	[7, 20, 34, 36, 42, 45, 39]
2006/5/2	Tuesday	[5, 10, 19, 29, 30, 42, 21]
2006/5/1	Monday	[4, 14, 18, 27, 31, 33, 22]
2006/4/30	Sunday	[9, 16, 31, 42, 43, 46, 18]
2006/4/29	Saturday	[3, 5, 10, 12, 22, 23, 41]
2006/4/28	Friday	[3, 4, 8, 10, 22, 23, 30]
2006/4/27	Thursday	[17, 19, 32, 37, 41, 46, 48]
2006/4/26	Wednesday	[3, 27, 28, 31, 32, 37, 48]
2006/4/25	Tuesday	[3, 11, 16, 23, 31, 45, 1]
2006/4/24	Monday	[8, 12, 13, 18, 42, 47, 23]
2006/4/23	Sunday	[20, 21, 35, 43, 48, 49, 25]
2006/4/22	Saturday	[23, 29, 31, 41, 45, 48, 10]
2006/4/21	Friday	[1, 4, 12, 24, 31, 35, 36]
2006/4/20	Thursday	[1, 12, 15, 22, 35, 41, 8]
2006/4/19	Wednesday	[3, 18, 21, 25, 46, 48, 34]
2006/4/18	Tuesday	[1, 21, 22, 26, 30, 49, 2]
2006/4/17	Monday	[8, 18, 23, 31, 40, 49, 30]
2006/4/16	Sunday	[2, 17, 30, 32, 35, 44, 31]
2006/4/15	Saturday	[11, 12, 27, 29, 36, 43, 41]
2006/4/13	Thursday	[3, 5, 6, 32, 41, 44, 42]
2006/4/12	Wednesday	[6, 15, 20, 23, 34, 35, 14]
2006/4/11	Tuesday	[3, 5, 15, 22, 28, 41, 48]
2006/4/10	Monday	[2, 17, 20, 26, 29, 37, 15]
2006/4/9	Sunday	[1, 15, 16, 20, 23, 28, 31]
2006/4/8	Saturday	[19, 23, 29, 34, 42, 47, 37]
2006/4/7	Friday	[1, 7, 9, 14, 36, 37, 23]
2006/4/6	Thursday	[10, 28, 32, 35, 38, 40, 19]
2006/4/5	Wednesday	[6, 10, 16, 18, 20, 28, 27]
2006/4/4	Tuesday	[3, 21, 22, 28, 41, 48, 8]
2006/4/3	Monday	[9, 16, 25, 26, 35, 40, 11]
2006/4/2	Sunday	[2, 16, 21, 25, 39, 40, 5]
2006/4/1	Saturday	[10, 13, 27, 30, 35, 38, 12]
2006/3/31	Friday	[7, 12, 15, 21, 24, 45, 37]
2006/3/30	Thursday	[1, 2, 9, 22, 26, 46, 49]
2006/3/29	Wednesday	[3, 5, 6, 11, 19, 23, 7]
2006/3/28	Tuesday	[2, 29, 33, 36, 41, 44, 20]
2006/3/27	Monday	[7, 14, 23, 34, 37, 38, 27]
2006/3/26	Sunday	[5, 7, 11, 15, 36, 45, 17]
2006/3/25	Saturday	[3, 4, 6, 10, 20, 48, 35]
2006/3/24	Friday	[20, 22, 23, 26, 33, 48, 11]
2006/3/23	Thursday	[7, 11, 15, 21, 30, 34, 29]
2006/3/22	Wednesday	[3, 4, 10, 13, 17, 42, 46]
2006/3/21	Tuesday	[12, 23, 29, 32, 36, 47, 49]
2006/3/20	Monday	[3, 21, 25, 40, 45, 47, 22]
2006/3/19	Sunday	[6, 7, 10, 38, 44, 49, 24]
2006/3/18	Saturday	[1, 10, 15, 25, 36, 46, 23]
2006/3/17	Friday	[5, 12, 21, 31, 36, 39, 44]
2006/3/16	Thursday	[2, 17, 27, 30, 31, 32, 33]
2006/3/15	Wednesday	[3, 20, 24, 38, 42, 48, 40]
2006/3/14	Tuesday	[5, 16, 21, 28, 32, 46, 25]
2006/3/13	Monday	[2, 7, 14, 18, 33, 40, 39]
2006/3/12	Sunday	[6, 15, 17, 33, 44, 45, 8]
2006/3/11	Saturday	[7, 16, 21, 22, 27, 49, 34]
2006/3/10	Friday	[3, 12, 21, 25, 29, 42, 39]
2006/3/9	Thursday	[9, 12, 13, 24, 43, 44, 19]
2006/3/8	Wednesday	[1, 10, 19, 24, 28, 40, 48]
2006/3/7	Tuesday	[13, 15, 16, 28, 32, 36, 37]
2006/3/6	Monday	[1, 27, 28, 35, 36, 37, 15]
2006/3/5	Sunday	[5, 13, 20, 22, 35, 45, 37]
2006/3/4	Saturday	[9, 13, 21, 24, 29, 42, 12]
2006/3/3	Friday	[7, 12, 21, 27, 33, 34, 45]
2006/3/2	Thursday	[4, 19, 27, 32, 39, 40, 17]
2006/3/1	Wednesday	[11, 32, 34, 38, 40, 48, 47]
2006/2/28	Tuesday	[1, 16, 17, 33, 35, 40, 42]
2006/2/27	Monday	[14, 21, 33, 40, 44, 48, 31]
2006/2/26	Sunday	[11, 16, 17, 24, 36, 40, 31]
2006/2/25	Saturday	[12, 14, 30, 34, 35, 37, 31]
2006/2/24	Friday	[4, 9, 12, 39, 47, 48, 23]
2006/2/23	Thursday	[3, 5, 21, 22, 28, 48, 27]
2006/2/22	Wednesday	[2, 16, 23, 27, 29, 40, 47]
2006/2/21	Tuesday	[6, 24, 33, 35, 38, 41, 27]
2006/2/20	Monday	[3, 6, 16, 25, 38, 48, 34]
2006/2/19	Sunday	[6, 12, 18, 24, 33, 38, 2]
2006/2/18	Saturday	[9, 27, 37, 43, 44, 48, 20]
2006/2/17	Friday	[6, 8, 27, 29, 32, 44, 39]
2006/2/16	Thursday	[2, 4, 24, 29, 33, 39, 20]
2006/2/15	Wednesday	[7, 10, 15, 22, 26, 42, 13]
2006/2/14	Tuesday	[5, 10, 15, 35, 36, 46, 27]
2006/2/13	Monday	[7, 9, 13, 44, 47, 49, 29]
2006/2/12	Sunday	[2, 3, 5, 17, 46, 48, 35]
2006/2/11	Saturday	[1, 6, 17, 21, 29, 34, 39]
2006/2/10	Friday	[7, 8, 30, 33, 41, 48, 40]
2006/2/9	Thursday	[1, 11, 12, 18, 22, 40, 9]
2006/2/8	Wednesday	[4, 16, 27, 39, 43, 46, 33]
2006/2/7	Tuesday	[16, 18, 24, 28, 38, 43, 35]
2006/2/6	Monday	[1, 8, 15, 22, 28, 30, 18]
2006/2/5	Sunday	[6, 13, 18, 23, 30, 44, 38]
2006/2/4	Saturday	[11, 13, 19, 30, 40, 43, 23]
2006/2/3	Friday	[7, 21, 23, 36, 41, 46, 18]
2006/2/2	Thursday	[21, 31, 36, 38, 45, 46, 40]
2006/2/1	Wednesday	[2, 6, 19, 31, 47, 49, 10]
2006/1/31	Tuesday	[2, 19, 28, 30, 47, 49, 42]
2006/1/30	Monday	[10, 13, 30, 33, 43, 46, 35]
2006/1/29	Sunday	[6, 10, 16, 22, 29, 48, 8]
2006/1/28	Saturday	[4, 10, 13, 15, 25, 26, 45]
2006/1/27	Friday	[10, 23, 32, 41, 44, 46, 18]
2006/1/26	Thursday	[4, 10, 17, 28, 36, 40, 37]
2006/1/25	Wednesday	[1, 12, 31, 36, 48, 49, 40]
2006/1/24	Tuesday	[8, 14, 15, 23, 39, 40, 48]
2006/1/23	Monday	[2, 9, 20, 33, 35, 36, 38]
2006/1/22	Sunday	[4, 10, 15, 28, 33, 47, 9]
2006/1/21	Saturday	[5, 12, 19, 25, 32, 35, 42]
2006/1/20	Friday	[1, 13, 15, 22, 25, 33, 17]
2006/1/19	Thursday	[3, 7, 14, 23, 32, 38, 11]
2006/1/18	Wednesday	[11, 19, 31, 34, 38, 48, 16]
2006/1/17	Tuesday	[4, 5, 22, 30, 36, 44, 31]
2006/1/16	Monday	[5, 12, 18, 27, 35, 36, 9]
2006/1/15	Sunday	[1, 6, 8, 15, 43, 44, 32]
2006/1/14	Saturday	[5, 10, 21, 35, 40, 46, 7]
2006/1/13	Friday	[7, 17, 21, 26, 41, 43, 20]
2006/1/12	Thursday	[18, 22, 43, 47, 48, 49, 32]
2006/1/11	Wednesday	[2, 3, 4, 21, 38, 39, 11]
2006/1/10	Tuesday	[8, 12, 14, 16, 24, 33, 45]
2006/1/9	Monday	[7, 9, 12, 24, 31, 42, 40]
2006/1/8	Sunday	[4, 9, 17, 34, 39, 43, 46]
2006/1/7	Saturday	[10, 14, 18, 23, 26, 42, 49]
2006/1/6	Friday	[10, 15, 16, 29, 44, 47, 49]
2006/1/5	Thursday	[6, 14, 17, 31, 38, 43, 5]
2006/1/4	Wednesday	[6, 21, 26, 32, 37, 40, 31]
2006/1/3	Tuesday	[2, 21, 28, 31, 35, 46, 27]
2006/1/2	Monday	[11, 24, 27, 31, 35, 49, 30]
2006/1/1	Sunday	[1, 3, 14, 15, 39, 45, 30]
