Date	Day	result
1999/12/31	Friday	[10, 11, 23, 27, 32, 41]
1999/12/30	Thursday	[9, 23, 31, 33, 43, 49]
1999/12/29	Wednesday	[5, 18, 21, 23, 30, 39]
1999/12/28	Tuesday	[11, 15, 30, 38, 40, 49]
1999/12/27	Monday	[4, 7, 12, 26, 33, 45]
1999/12/22	Wednesday	[2, 17, 19, 27, 28, 46]
1999/12/21	Tuesday	[13, 15, 21, 23, 27, 44]
1999/12/20	Monday	[1, 5, 14, 27, 35, 47]
1999/12/18	Saturday	[15, 20, 22, 31, 41, 43]
1999/12/17	Friday	[22, 25, 29, 30, 33, 38]
1999/12/16	Thursday	[10, 23, 27, 31, 41, 46]
1999/12/15	Wednesday	[4, 14, 17, 26, 34, 36]
1999/12/14	Tuesday	[18, 19, 33, 37, 38, 39]
1999/12/13	Monday	[8, 25, 27, 40, 43, 45]
1999/12/11	Saturday	[18, 21, 31, 32, 33, 38]
1999/12/10	Friday	[4, 6, 20, 28, 44, 48]
1999/12/9	Thursday	[1, 17, 40, 42, 43, 45]
1999/12/8	Wednesday	[15, 24, 30, 35, 37, 40]
1999/12/7	Tuesday	[19, 20, 21, 22, 23, 25]
1999/12/6	Monday	[2, 5, 20, 30, 33, 42]
1999/12/4	Saturday	[3, 11, 15, 24, 29, 48]
1999/12/3	Friday	[12, 22, 25, 27, 30, 44]
1999/12/2	Thursday	[15, 19, 21, 34, 38, 48]
1999/12/1	Wednesday	[7, 16, 17, 21, 42, 43]
1999/11/30	Tuesday	[4, 10, 13, 17, 38, 46]
1999/11/29	Monday	[3, 7, 32, 33, 41, 49]
1999/11/27	Saturday	[2, 9, 20, 27, 39, 48]
1999/11/26	Friday	[10, 11, 20, 25, 44, 45]
1999/11/25	Thursday	[3, 5, 21, 23, 40, 41]
1999/11/24	Wednesday	[1, 7, 10, 11, 25, 40]
1999/11/23	Tuesday	[33, 40, 42, 43, 44, 47]
1999/11/22	Monday	[3, 21, 36, 38, 40, 47]
1999/11/21	Sunday	[3, 13, 21, 28, 40, 42]
1999/11/20	Saturday	[7, 10, 12, 19, 33, 38]
1999/11/19	Friday	[4, 5, 22, 34, 46, 47]
1999/11/18	Thursday	[6, 17, 21, 23, 32, 39]
1999/11/17	Wednesday	[10, 16, 25, 44, 47, 48]
1999/11/16	Tuesday	[1, 3, 16, 29, 33, 38]
1999/11/15	Monday	[1, 5, 12, 15, 16, 20]
1999/11/14	Sunday	[9, 11, 25, 29, 34, 44]
1999/11/13	Saturday	[13, 23, 24, 25, 30, 41]
1999/11/12	Friday	[1, 9, 18, 20, 32, 45]
1999/11/11	Thursday	[3, 12, 17, 39, 42, 44]
1999/11/10	Wednesday	[1, 14, 16, 22, 38, 44]
1999/11/9	Tuesday	[8, 18, 25, 26, 27, 42]
1999/11/8	Monday	[2, 10, 22, 23, 41, 43]
1999/11/6	Saturday	[1, 2, 11, 23, 43, 47]
1999/11/5	Friday	[21, 28, 35, 40, 41, 43]
1999/11/4	Thursday	[2, 12, 21, 22, 31, 48]
1999/11/3	Wednesday	[5, 8, 19, 24, 42, 49]
1999/11/2	Tuesday	[5, 17, 19, 24, 30, 39]
1999/11/1	Monday	[10, 12, 24, 42, 44, 48]
1999/10/30	Saturday	[2, 3, 11, 15, 30, 44]
1999/10/29	Friday	[2, 20, 27, 28, 40, 45]
1999/10/28	Thursday	[1, 9, 11, 20, 36, 37]
1999/10/27	Wednesday	[2, 5, 10, 13, 27, 38]
1999/10/26	Tuesday	[6, 9, 13, 20, 21, 42]
1999/10/25	Monday	[3, 9, 14, 16, 20, 26]
1999/10/23	Saturday	[14, 15, 19, 23, 27, 28]
1999/10/22	Friday	[16, 20, 28, 36, 42, 48]
1999/10/21	Thursday	[10, 11, 19, 21, 36, 38]
1999/10/20	Wednesday	[6, 22, 25, 37, 44, 48]
1999/10/19	Tuesday	[15, 20, 28, 29, 45, 49]
1999/10/18	Monday	[2, 4, 29, 38, 42, 47]
1999/10/16	Saturday	[4, 8, 13, 18, 29, 46]
1999/10/15	Friday	[9, 21, 32, 40, 41, 43]
1999/10/14	Thursday	[7, 17, 30, 38, 45, 46]
1999/10/13	Wednesday	[16, 21, 39, 43, 46, 49]
1999/10/12	Tuesday	[9, 21, 23, 26, 32, 33]
1999/10/11	Monday	[1, 10, 22, 29, 33, 47]
1999/10/9	Saturday	[1, 4, 9, 11, 20, 45]
1999/10/8	Friday	[7, 13, 20, 23, 28, 47]
1999/10/7	Thursday	[3, 12, 15, 18, 30, 33]
1999/10/6	Wednesday	[2, 9, 27, 34, 38, 48]
1999/10/5	Tuesday	[9, 23, 25, 28, 30, 38]
1999/10/4	Monday	[9, 14, 25, 28, 30, 46]
1999/10/2	Saturday	[5, 9, 11, 22, 27, 43]
1999/10/1	Friday	[11, 13, 15, 31, 35, 41]
1999/9/30	Thursday	[1, 9, 17, 22, 39, 46]
1999/9/29	Wednesday	[7, 8, 9, 19, 31, 38]
1999/9/28	Tuesday	[9, 11, 21, 27, 31, 38]
1999/9/27	Monday	[3, 12, 13, 18, 31, 44]
1999/9/26	Sunday	[8, 22, 24, 25, 40, 45]
1999/9/25	Saturday	[18, 19, 20, 33, 43, 46]
1999/9/24	Friday	[1, 10, 26, 35, 36, 43]
1999/9/23	Thursday	[5, 15, 27, 37, 42, 49]
1999/9/22	Wednesday	[1, 3, 5, 23, 32, 35]
1999/9/21	Tuesday	[5, 29, 30, 36, 42, 47]
1999/9/20	Monday	[8, 13, 14, 30, 43, 49]
1999/9/19	Sunday	[2, 7, 19, 22, 23, 48]
1999/9/18	Saturday	[1, 35, 36, 37, 41, 44]
1999/9/17	Friday	[9, 17, 19, 20, 21, 42]
1999/9/16	Thursday	[6, 16, 17, 33, 34, 49]
1999/9/15	Wednesday	[15, 23, 38, 41, 43, 48]
1999/9/14	Tuesday	[3, 5, 15, 23, 30, 35]
1999/9/13	Monday	[13, 17, 31, 39, 44, 47]
1999/9/11	Saturday	[3, 5, 19, 21, 36, 47]
1999/9/10	Friday	[16, 20, 24, 31, 34, 49]
1999/9/9	Thursday	[5, 13, 16, 18, 28, 46]
1999/9/8	Wednesday	[1, 7, 8, 13, 19, 36]
1999/9/7	Tuesday	[5, 9, 15, 31, 34, 42]
1999/9/6	Monday	[20, 25, 26, 36, 40, 49]
1999/9/4	Saturday	[12, 26, 32, 36, 39, 40]
1999/9/3	Friday	[30, 31, 32, 36, 44, 48]
1999/9/2	Thursday	[19, 36, 39, 40, 41, 43]
1999/9/1	Wednesday	[6, 11, 16, 21, 34, 36]
1999/8/31	Tuesday	[7, 22, 26, 34, 39, 46]
1999/8/30	Monday	[21, 25, 27, 29, 31, 45]
1999/8/29	Sunday	[4, 12, 21, 26, 31, 33]
1999/8/28	Saturday	[11, 14, 17, 35, 37, 45]
1999/8/27	Friday	[2, 6, 9, 31, 33, 39]
1999/8/26	Thursday	[3, 13, 17, 28, 33, 40]
1999/8/25	Wednesday	[4, 24, 28, 33, 34, 36]
1999/8/24	Tuesday	[5, 12, 14, 27, 29, 42]
1999/8/23	Monday	[19, 27, 35, 40, 48, 49]
1999/8/22	Sunday	[3, 21, 22, 25, 47, 48]
1999/8/21	Saturday	[2, 11, 13, 21, 30, 36]
1999/8/20	Friday	[14, 16, 23, 33, 37, 47]
1999/8/19	Thursday	[9, 12, 28, 33, 37, 47]
1999/8/18	Wednesday	[18, 19, 30, 35, 41, 45]
1999/8/17	Tuesday	[17, 18, 21, 34, 35, 46]
1999/8/16	Monday	[2, 23, 28, 32, 40, 42]
1999/8/14	Saturday	[8, 19, 23, 28, 34, 36]
1999/8/13	Friday	[24, 27, 28, 37, 46, 47]
1999/8/12	Thursday	[10, 14, 29, 40, 45, 46]
1999/8/11	Wednesday	[2, 5, 22, 31, 32, 47]
1999/8/10	Tuesday	[13, 25, 32, 40, 42, 45]
1999/8/9	Monday	[3, 11, 20, 24, 39, 42]
1999/8/8	Sunday	[6, 19, 27, 28, 33, 46]
1999/8/7	Saturday	[11, 34, 36, 40, 43, 44]
1999/8/6	Friday	[7, 23, 27, 31, 41, 43]
1999/8/5	Thursday	[27, 30, 36, 37, 40, 45]
1999/8/4	Wednesday	[7, 19, 33, 41, 42, 48]
1999/8/3	Tuesday	[24, 25, 34, 39, 41, 46]
1999/8/2	Monday	[4, 8, 13, 22, 26, 38]
1999/7/31	Saturday	[6, 13, 14, 23, 31, 35]
1999/7/30	Friday	[17, 30, 31, 37, 40, 49]
1999/7/29	Thursday	[5, 9, 28, 36, 38, 42]
1999/7/28	Wednesday	[1, 12, 18, 24, 26, 41]
1999/7/27	Tuesday	[5, 7, 13, 28, 29, 40]
1999/7/26	Monday	[6, 7, 19, 24, 27, 49]
1999/7/25	Sunday	[5, 9, 35, 42, 45, 49]
1999/7/24	Saturday	[4, 7, 24, 25, 40, 45]
1999/7/23	Friday	[5, 7, 26, 31, 39, 45]
1999/7/22	Thursday	[22, 31, 32, 35, 40, 43]
1999/7/21	Wednesday	[8, 10, 25, 36, 38, 41]
1999/7/20	Tuesday	[3, 15, 24, 25, 27, 34]
1999/7/19	Monday	[9, 20, 23, 31, 39, 43]
1999/7/17	Saturday	[5, 21, 27, 29, 46, 49]
1999/7/16	Friday	[2, 5, 11, 22, 33, 44]
1999/7/15	Thursday	[6, 14, 20, 31, 32, 40]
1999/7/14	Wednesday	[12, 20, 22, 25, 37, 39]
1999/7/13	Tuesday	[1, 2, 18, 33, 34, 39]
1999/7/12	Monday	[18, 24, 31, 32, 42, 46]
1999/7/11	Sunday	[4, 5, 29, 36, 37, 46]
1999/7/10	Saturday	[12, 14, 26, 30, 44, 48]
1999/7/9	Friday	[12, 16, 20, 29, 40, 48]
1999/7/8	Thursday	[15, 17, 23, 31, 44, 46]
1999/7/7	Wednesday	[18, 27, 30, 36, 39, 40]
1999/7/6	Tuesday	[1, 4, 8, 31, 39, 45]
1999/7/5	Monday	[7, 14, 27, 38, 45, 49]
1999/7/3	Saturday	[1, 17, 20, 34, 35, 48]
1999/7/2	Friday	[13, 15, 16, 25, 28, 41]
1999/7/1	Thursday	[7, 9, 13, 22, 34, 46]
1999/6/30	Wednesday	[8, 13, 25, 36, 38, 46]
1999/6/29	Tuesday	[10, 12, 28, 36, 38, 46]
1999/6/28	Monday	[14, 18, 22, 40, 41, 46]
1999/6/27	Sunday	[1, 7, 15, 37, 45, 47]
1999/6/26	Saturday	[11, 24, 30, 31, 38, 47]
1999/6/25	Friday	[4, 12, 13, 27, 29, 41]
1999/6/24	Thursday	[3, 4, 9, 14, 18, 43]
1999/6/23	Wednesday	[2, 17, 18, 23, 30, 40]
1999/6/22	Tuesday	[19, 20, 26, 38, 39, 45]
1999/6/21	Monday	[6, 17, 23, 31, 40, 46]
1999/6/19	Saturday	[9, 22, 30, 32, 41, 49]
1999/6/18	Friday	[6, 10, 11, 12, 43, 48]
1999/6/17	Thursday	[5, 24, 43, 47, 48, 49]
1999/6/16	Wednesday	[14, 15, 17, 31, 46, 47]
1999/6/15	Tuesday	[7, 16, 23, 28, 33, 41]
1999/6/14	Monday	[4, 20, 33, 45, 46, 49]
1999/6/12	Saturday	[7, 16, 30, 35, 39, 48]
1999/6/11	Friday	[7, 27, 28, 42, 46, 48]
1999/6/10	Thursday	[18, 26, 28, 31, 32, 49]
1999/6/9	Wednesday	[1, 17, 21, 22, 27, 39]
1999/6/8	Tuesday	[3, 9, 17, 29, 32, 45]
1999/6/7	Monday	[15, 19, 26, 28, 34, 35]
1999/6/5	Saturday	[1, 5, 26, 35, 41, 49]
1999/6/4	Friday	[1, 7, 8, 26, 31, 41]
1999/6/3	Thursday	[14, 19, 20, 30, 33, 48]
1999/6/2	Wednesday	[1, 16, 18, 20, 39, 40]
1999/6/1	Tuesday	[12, 16, 18, 19, 39, 45]
1999/5/31	Monday	[5, 11, 15, 17, 41, 45]
1999/5/29	Saturday	[3, 13, 24, 37, 41, 46]
1999/5/28	Friday	[2, 21, 27, 29, 34, 37]
1999/5/27	Thursday	[6, 19, 24, 36, 47, 49]
1999/5/26	Wednesday	[14, 23, 24, 27, 28, 46]
1999/5/25	Tuesday	[11, 15, 16, 22, 30, 32]
1999/5/24	Monday	[3, 10, 11, 35, 37, 46]
1999/5/22	Saturday	[2, 31, 35, 36, 38, 45]
1999/5/21	Friday	[3, 9, 19, 37, 38, 43]
1999/5/20	Thursday	[1, 10, 16, 18, 32, 38]
1999/5/19	Wednesday	[8, 20, 26, 33, 36, 37]
1999/5/18	Tuesday	[9, 17, 24, 32, 33, 39]
1999/5/17	Monday	[8, 9, 22, 34, 45, 46]
1999/5/16	Sunday	[3, 15, 19, 22, 27, 34]
1999/5/15	Saturday	[4, 18, 20, 27, 28, 42]
1999/5/14	Friday	[1, 6, 7, 11, 43, 48]
1999/5/13	Thursday	[7, 21, 28, 45, 46, 49]
1999/5/12	Wednesday	[2, 11, 15, 31, 44, 45]
1999/5/11	Tuesday	[15, 16, 20, 26, 31, 49]
1999/5/10	Monday	[9, 12, 14, 21, 30, 48]
1999/5/8	Saturday	[8, 17, 24, 25, 26, 39]
1999/5/7	Friday	[2, 18, 19, 25, 27, 34]
1999/5/6	Thursday	[4, 24, 32, 33, 46, 47]
1999/5/5	Wednesday	[1, 7, 28, 34, 37, 41]
1999/5/4	Tuesday	[6, 10, 12, 23, 37, 38]
1999/5/3	Monday	[11, 16, 31, 44, 45, 46]
1999/5/2	Sunday	[10, 12, 14, 18, 21, 45]
1999/5/1	Saturday	[10, 16, 19, 20, 23, 28]
1999/4/30	Friday	[2, 19, 25, 26, 38, 49]
1999/4/29	Thursday	[6, 10, 16, 17, 24, 33]
1999/4/28	Wednesday	[6, 12, 32, 33, 44, 48]
1999/4/27	Tuesday	[3, 6, 13, 16, 24, 38]
1999/4/26	Monday	[5, 19, 29, 33, 35, 45]
1999/4/24	Saturday	[4, 14, 17, 23, 28, 37]
1999/4/23	Friday	[4, 17, 21, 23, 28, 0]
1999/4/22	Thursday	[3, 17, 18, 22, 23, 44]
1999/4/21	Wednesday	[5, 7, 8, 15, 23, 40]
1999/4/20	Tuesday	[5, 11, 15, 25, 35, 44]
1999/4/19	Monday	[2, 11, 17, 23, 29, 30]
1999/4/17	Saturday	[16, 20, 21, 22, 34, 38]
1999/4/16	Friday	[4, 14, 19, 44, 47, 49]
1999/4/15	Thursday	[9, 13, 20, 40, 41, 47]
1999/4/14	Wednesday	[3, 6, 15, 16, 24, 43]
1999/4/13	Tuesday	[7, 10, 11, 15, 22, 42]
1999/4/12	Monday	[7, 14, 20, 22, 38, 39]
1999/4/10	Saturday	[4, 18, 26, 27, 28, 45]
1999/4/9	Friday	[3, 8, 15, 33, 36, 45]
1999/4/8	Thursday	[5, 8, 16, 28, 35, 42]
1999/4/7	Wednesday	[1, 6, 33, 36, 41, 47]
1999/4/6	Tuesday	[3, 5, 17, 27, 43, 47]
1999/4/5	Monday	[23, 31, 32, 34, 35, 45]
1999/4/3	Saturday	[2, 3, 10, 21, 31, 34]
1999/4/1	Thursday	[21, 24, 25, 34, 37, 45]
1999/3/31	Wednesday	[7, 14, 23, 31, 46, 48]
1999/3/30	Tuesday	[7, 17, 22, 27, 28, 49]
1999/3/29	Monday	[10, 14, 26, 31, 35, 36]
1999/3/27	Saturday	[4, 5, 18, 20, 25, 31]
1999/3/26	Friday	[2, 10, 25, 32, 41, 46]
1999/3/25	Thursday	[14, 19, 29, 31, 36, 44]
1999/3/24	Wednesday	[1, 17, 24, 25, 33, 49]
1999/3/23	Tuesday	[2, 25, 29, 32, 39, 40]
1999/3/22	Monday	[4, 7, 12, 17, 38, 40]
1999/3/20	Saturday	[27, 31, 34, 36, 37, 49]
1999/3/19	Friday	[2, 14, 19, 24, 29, 41]
1999/3/18	Thursday	[1, 2, 32, 38, 45, 46]
1999/3/17	Wednesday	[4, 17, 18, 20, 35, 44]
1999/3/16	Tuesday	[15, 22, 29, 33, 45, 46]
1999/3/15	Monday	[9, 25, 38, 40, 42, 44]
1999/3/13	Saturday	[8, 11, 17, 20, 22, 28]
1999/3/12	Friday	[18, 28, 30, 34, 39, 41]
1999/3/11	Thursday	[11, 27, 29, 32, 35, 45]
1999/3/10	Wednesday	[2, 4, 6, 22, 26, 46]
1999/3/9	Tuesday	[16, 25, 30, 33, 38, 47]
1999/3/8	Monday	[10, 11, 18, 19, 22, 27]
1999/3/6	Saturday	[9, 12, 25, 27, 30, 48]
1999/3/5	Friday	[10, 14, 21, 22, 27, 45]
1999/3/4	Thursday	[2, 16, 21, 24, 36, 46]
1999/3/3	Wednesday	[20, 25, 32, 34, 35, 48]
1999/3/2	Tuesday	[13, 22, 31, 38, 44, 47]
1999/3/1	Monday	[3, 15, 16, 20, 30, 39]
1999/2/27	Saturday	[10, 14, 27, 30, 44, 48]
1999/2/26	Friday	[9, 14, 17, 28, 32, 38]
1999/2/25	Thursday	[10, 12, 15, 21, 34, 35]
1999/2/24	Wednesday	[4, 16, 22, 27, 33, 47]
1999/2/23	Tuesday	[2, 4, 30, 32, 35, 43]
1999/2/22	Monday	[2, 3, 4, 11, 21, 42]
1999/2/20	Saturday	[4, 15, 20, 36, 37, 49]
1999/2/19	Friday	[9, 13, 14, 27, 45, 48]
1999/2/18	Thursday	[4, 10, 13, 17, 26, 28]
1999/2/17	Wednesday	[4, 10, 17, 39, 47, 49]
1999/2/16	Tuesday	[19, 21, 25, 34, 41, 49]
1999/2/15	Monday	[8, 17, 24, 37, 42, 44]
1999/2/13	Saturday	[19, 22, 25, 33, 34, 35]
1999/2/12	Friday	[9, 11, 27, 29, 31, 35]
1999/2/11	Thursday	[1, 4, 7, 10, 11, 41]
1999/2/10	Wednesday	[5, 10, 22, 35, 43, 45]
1999/2/9	Tuesday	[8, 11, 17, 19, 23, 41]
1999/2/8	Monday	[5, 20, 23, 40, 42, 43]
1999/2/6	Saturday	[8, 31, 33, 36, 47, 48]
1999/2/5	Friday	[2, 3, 7, 9, 16, 23]
1999/2/4	Thursday	[13, 16, 31, 32, 38, 44]
1999/2/3	Wednesday	[6, 15, 27, 32, 38, 49]
1999/2/2	Tuesday	[17, 20, 23, 26, 28, 46]
1999/2/1	Monday	[1, 23, 26, 30, 37, 41]
1999/1/30	Saturday	[11, 19, 24, 30, 33, 34]
1999/1/29	Friday	[3, 4, 17, 24, 38, 47]
1999/1/28	Thursday	[10, 11, 23, 24, 41, 42]
1999/1/27	Wednesday	[15, 23, 25, 30, 34, 37]
1999/1/26	Tuesday	[3, 4, 10, 11, 24, 39]
1999/1/25	Monday	[15, 18, 25, 29, 42, 45]
1999/1/23	Saturday	[1, 25, 27, 40, 42, 46]
1999/1/22	Friday	[3, 20, 23, 24, 27, 45]
1999/1/21	Thursday	[1, 4, 27, 40, 45, 46]
1999/1/20	Wednesday	[18, 34, 36, 37, 39, 44]
1999/1/19	Tuesday	[5, 21, 28, 32, 36, 39]
1999/1/18	Monday	[2, 14, 22, 24, 34, 39]
1999/1/16	Saturday	[10, 14, 21, 36, 47, 48]
1999/1/15	Friday	[7, 8, 13, 17, 19, 46]
1999/1/14	Thursday	[5, 19, 20, 27, 40, 46]
1999/1/13	Wednesday	[22, 24, 25, 31, 44, 49]
1999/1/12	Tuesday	[16, 20, 37, 39, 45, 48]
1999/1/11	Monday	[12, 22, 28, 29, 36, 43]
1999/1/9	Saturday	[17, 22, 26, 31, 44, 48]
1999/1/8	Friday	[5, 14, 20, 32, 35, 43]
1999/1/7	Thursday	[12, 16, 31, 32, 35, 49]
1999/1/6	Wednesday	[33, 36, 37, 42, 44, 48]
1999/1/5	Tuesday	[9, 15, 25, 26, 27, 48]
1999/1/4	Monday	[8, 10, 29, 31, 35, 49]
1999/1/2	Saturday	[10, 16, 20, 25, 31, 46]
1999/1/1	Friday	[2, 6, 10, 16, 19, 21]
