Date	Day	result
2003/12/31	Wednesday	[3, 5, 6, 10, 12, 24, 2]
2003/12/30	Tuesday	[9, 30, 37, 41, 43, 48, 7]
2003/12/29	Monday	[9, 14, 24, 27, 28, 48, 3]
2003/12/28	Sunday	[3, 19, 22, 28, 36, 43, 33]
2003/12/27	Saturday	[5, 23, 34, 37, 43, 47, 14]
2003/12/26	Friday	[6, 9, 23, 31, 32, 43, 39]
2003/12/22	Monday	[19, 22, 24, 30, 47, 48, 13]
2003/12/21	Sunday	[5, 10, 14, 23, 29, 40, 11]
2003/12/20	Saturday	[1, 6, 20, 21, 37, 38, 23]
2003/12/19	Friday	[9, 10, 26, 29, 33, 44, 27]
2003/12/18	Thursday	[24, 28, 29, 30, 40, 41, 47]
2003/12/17	Wednesday	[3, 4, 26, 36, 43, 44, 7]
2003/12/16	Tuesday	[2, 6, 8, 15, 29, 43, 1]
2003/12/15	Monday	[1, 12, 27, 32, 43, 44, 3]
2003/12/14	Sunday	[2, 3, 8, 36, 41, 45, 32]
2003/12/13	Saturday	[17, 25, 26, 27, 28, 40, 11]
2003/12/12	Friday	[15, 16, 25, 35, 36, 44, 33]
2003/12/11	Thursday	[4, 6, 11, 22, 29, 42, 7]
2003/12/10	Wednesday	[1, 4, 9, 10, 14, 23, 27]
2003/12/9	Tuesday	[10, 12, 23, 26, 30, 31, 18]
2003/12/8	Monday	[5, 22, 28, 35, 44, 45, 36]
2003/12/7	Sunday	[7, 22, 27, 29, 34, 43, 33]
2003/12/6	Saturday	[6, 7, 31, 41, 45, 46, 11]
2003/12/5	Friday	[7, 20, 26, 27, 32, 34, 17]
2003/12/4	Thursday	[9, 15, 29, 33, 35, 36, 8]
2003/12/3	Wednesday	[1, 2, 9, 20, 32, 48, 15]
2003/12/2	Tuesday	[11, 13, 14, 19, 31, 32, 8]
2003/12/1	Monday	[5, 8, 22, 24, 29, 38, 20]
2003/11/30	Sunday	[15, 18, 21, 32, 47, 48, 34]
2003/11/29	Saturday	[17, 24, 27, 35, 41, 43, 12]
2003/11/28	Friday	[4, 19, 20, 23, 36, 37, 13]
2003/11/26	Wednesday	[8, 9, 14, 31, 32, 47, 17]
2003/11/25	Tuesday	[7, 12, 20, 26, 34, 37, 24]
2003/11/24	Monday	[1, 2, 4, 5, 11, 44, 13]
2003/11/23	Sunday	[2, 9, 13, 24, 34, 35, 18]
2003/11/22	Saturday	[3, 8, 11, 14, 26, 27, 10]
2003/11/21	Friday	[19, 25, 30, 33, 44, 46, 31]
2003/11/20	Thursday	[1, 4, 14, 16, 27, 33, 49]
2003/11/19	Wednesday	[9, 10, 21, 30, 43, 44, 6]
2003/11/18	Tuesday	[19, 21, 32, 39, 42, 48, 17]
2003/11/17	Monday	[1, 12, 20, 30, 39, 43, 19]
2003/11/16	Sunday	[1, 5, 10, 29, 31, 47, 28]
2003/11/15	Saturday	[4, 23, 24, 28, 43, 49, 7]
2003/11/14	Friday	[1, 11, 12, 15, 19, 45, 5]
2003/11/13	Thursday	[10, 19, 31, 32, 36, 43, 20]
2003/11/12	Wednesday	[3, 10, 11, 39, 45, 48, 23]
2003/11/11	Tuesday	[7, 9, 14, 23, 36, 46, 35]
2003/11/10	Monday	[6, 16, 27, 39, 41, 45, 21]
2003/11/9	Sunday	[2, 5, 20, 38, 43, 45, 11]
2003/11/8	Saturday	[8, 15, 24, 28, 40, 41, 39]
2003/11/7	Friday	[13, 18, 23, 25, 28, 31, 7]
2003/11/6	Thursday	[3, 15, 20, 37, 46, 47, 41]
2003/11/5	Wednesday	[4, 5, 23, 34, 42, 46, 14]
2003/11/4	Tuesday	[29, 34, 38, 46, 48, 49, 31]
2003/11/3	Monday	[7, 9, 13, 23, 44, 48, 27]
2003/11/2	Sunday	[2, 8, 23, 28, 36, 40, 6]
2003/11/1	Saturday	[1, 23, 28, 29, 44, 49, 34]
2003/10/31	Friday	[1, 5, 10, 15, 19, 22, 12]
2003/10/30	Thursday	[6, 8, 11, 14, 42, 44, 21]
2003/10/29	Wednesday	[8, 17, 18, 30, 35, 48, 22]
2003/10/28	Tuesday	[2, 6, 7, 13, 14, 32, 33]
2003/10/27	Monday	[13, 25, 28, 29, 44, 47, 24]
2003/10/26	Sunday	[7, 12, 24, 30, 31, 48, 41]
2003/10/25	Saturday	[2, 3, 12, 31, 39, 41, 21]
2003/10/24	Friday	[16, 18, 21, 25, 34, 49, 7]
2003/10/23	Thursday	[3, 6, 8, 11, 30, 33, 20]
2003/10/22	Wednesday	[19, 28, 29, 35, 37, 43, 23]
2003/10/21	Tuesday	[2, 9, 15, 29, 37, 41, 17]
2003/10/20	Monday	[14, 15, 17, 19, 22, 40, 24]
2003/10/19	Sunday	[11, 17, 27, 33, 41, 48, 19]
2003/10/18	Saturday	[14, 17, 26, 33, 42, 44, 20]
2003/10/17	Friday	[1, 5, 9, 28, 36, 40, 7]
2003/10/16	Thursday	[8, 11, 12, 14, 36, 48, 32]
2003/10/15	Wednesday	[3, 7, 14, 25, 33, 36, 49]
2003/10/14	Tuesday	[1, 3, 10, 42, 44, 49, 35]
2003/10/13	Monday	[4, 7, 9, 12, 47, 49, 43]
2003/10/12	Sunday	[11, 14, 16, 29, 33, 44, 15]
2003/10/11	Saturday	[3, 5, 9, 13, 46, 47, 37]
2003/10/10	Friday	[2, 3, 6, 15, 19, 49, 36]
2003/10/9	Thursday	[16, 19, 22, 27, 42, 43, 3]
2003/10/8	Wednesday	[5, 11, 20, 22, 37, 39, 4]
2003/10/7	Tuesday	[1, 5, 13, 30, 33, 49, 21]
2003/10/6	Monday	[3, 12, 16, 22, 24, 39, 23]
2003/10/5	Sunday	[2, 23, 25, 31, 36, 41, 21]
2003/10/4	Saturday	[4, 9, 25, 30, 32, 34, 11]
2003/10/3	Friday	[1, 13, 15, 28, 38, 46, 18]
2003/10/2	Thursday	[3, 10, 23, 26, 35, 43, 5]
2003/10/1	Wednesday	[19, 23, 25, 34, 35, 48, 49]
2003/9/30	Tuesday	[6, 10, 13, 32, 33, 44, 17]
2003/9/29	Monday	[9, 20, 25, 30, 38, 44, 4]
2003/9/28	Sunday	[9, 25, 37, 43, 46, 49, 24]
2003/9/27	Saturday	[1, 19, 29, 33, 38, 39, 42]
2003/9/26	Friday	[14, 20, 22, 32, 35, 47, 37]
2003/9/25	Thursday	[11, 19, 37, 42, 45, 47, 36]
2003/9/24	Wednesday	[13, 22, 23, 26, 28, 47, 4]
2003/9/23	Tuesday	[6, 16, 25, 29, 48, 49, 28]
2003/9/22	Monday	[1, 27, 28, 34, 46, 47, 23]
2003/9/21	Sunday	[12, 13, 34, 37, 40, 44, 18]
2003/9/20	Saturday	[6, 12, 15, 26, 30, 48, 32]
2003/9/19	Friday	[4, 5, 22, 23, 34, 45, 35]
2003/9/18	Thursday	[9, 11, 37, 38, 39, 46, 7]
2003/9/17	Wednesday	[12, 21, 31, 32, 43, 47, 18]
2003/9/16	Tuesday	[16, 30, 33, 39, 42, 44, 5]
2003/9/15	Monday	[1, 9, 15, 34, 35, 42, 45]
2003/9/14	Sunday	[7, 17, 28, 30, 41, 43, 20]
2003/9/13	Saturday	[12, 31, 34, 43, 44, 49, 30]
2003/9/12	Friday	[6, 25, 33, 38, 45, 48, 5]
2003/9/11	Thursday	[4, 17, 25, 33, 35, 44, 26]
2003/9/10	Wednesday	[19, 26, 34, 35, 42, 46, 38]
2003/9/9	Tuesday	[24, 25, 30, 40, 42, 48, 21]
2003/9/8	Monday	[4, 5, 23, 25, 27, 38, 29]
2003/9/7	Sunday	[5, 9, 18, 22, 35, 46, 42]
2003/9/6	Saturday	[1, 3, 9, 18, 28, 39, 49]
2003/9/5	Friday	[1, 16, 32, 38, 39, 47, 44]
2003/9/4	Thursday	[4, 18, 26, 33, 40, 44, 29]
2003/9/3	Wednesday	[10, 12, 18, 21, 22, 46, 17]
2003/9/2	Tuesday	[6, 11, 12, 33, 34, 36, 5]
2003/9/1	Monday	[5, 23, 27, 33, 34, 36, 13]
2003/8/31	Sunday	[4, 13, 16, 42, 45, 46, 5]
2003/8/30	Saturday	[1, 10, 11, 25, 28, 33, 44]
2003/8/29	Friday	[26, 31, 36, 37, 38, 45, 16]
2003/8/28	Thursday	[2, 4, 6, 13, 15, 16, 39]
2003/8/27	Wednesday	[7, 8, 12, 15, 27, 33, 19]
2003/8/26	Tuesday	[5, 9, 10, 13, 34, 48, 30]
2003/8/25	Monday	[8, 18, 31, 33, 39, 42, 12]
2003/8/24	Sunday	[6, 14, 22, 27, 30, 36, 46]
2003/8/23	Saturday	[1, 10, 14, 27, 41, 48, 8]
2003/8/22	Friday	[21, 24, 26, 27, 29, 47, 31]
2003/8/21	Thursday	[6, 11, 13, 24, 27, 33, 15]
2003/8/20	Wednesday	[2, 19, 21, 30, 37, 48, 6]
2003/8/19	Tuesday	[3, 8, 25, 27, 36, 42, 30]
2003/8/18	Monday	[8, 15, 19, 24, 42, 44, 10]
2003/8/17	Sunday	[11, 14, 15, 37, 40, 48, 29]
2003/8/16	Saturday	[19, 23, 33, 42, 43, 45, 6]
2003/8/15	Friday	[5, 7, 26, 27, 28, 47, 23]
2003/8/14	Thursday	[12, 14, 29, 31, 44, 48, 30]
2003/8/13	Wednesday	[1, 4, 22, 30, 41, 43, 42]
2003/8/12	Tuesday	[6, 14, 17, 25, 29, 43, 48]
2003/8/11	Monday	[5, 8, 12, 29, 31, 32, 15]
2003/8/10	Sunday	[3, 11, 19, 36, 40, 48, 31]
2003/8/9	Saturday	[4, 8, 12, 22, 26, 40, 39]
2003/8/8	Friday	[11, 15, 16, 34, 39, 44, 22]
2003/8/7	Thursday	[1, 5, 18, 24, 37, 43, 49]
2003/8/6	Wednesday	[3, 10, 11, 19, 48, 49, 1]
2003/8/5	Tuesday	[2, 14, 22, 39, 40, 43, 37]
2003/8/4	Monday	[5, 6, 25, 38, 45, 47, 44]
2003/8/3	Sunday	[9, 12, 23, 28, 39, 48, 1]
2003/8/2	Saturday	[1, 9, 17, 18, 30, 31, 16]
2003/8/1	Friday	[14, 20, 26, 29, 38, 42, 28]
2003/7/31	Thursday	[3, 15, 18, 33, 39, 46, 22]
2003/7/30	Wednesday	[18, 28, 30, 40, 43, 47, 31]
2003/7/29	Tuesday	[20, 21, 40, 44, 48, 49, 17]
2003/7/28	Monday	[4, 9, 14, 16, 23, 30, 32]
2003/7/27	Sunday	[4, 21, 27, 32, 36, 44, 20]
2003/7/26	Saturday	[9, 12, 22, 34, 38, 44, 28]
2003/7/25	Friday	[21, 22, 27, 29, 44, 46, 9]
2003/7/24	Thursday	[1, 4, 8, 18, 42, 43, 39]
2003/7/23	Wednesday	[2, 4, 8, 21, 23, 33, 11]
2003/7/22	Tuesday	[6, 8, 23, 27, 41, 47, 19]
2003/7/21	Monday	[1, 2, 11, 16, 22, 37, 45]
2003/7/20	Sunday	[8, 21, 36, 38, 44, 47, 18]
2003/7/19	Saturday	[2, 9, 14, 17, 27, 30, 45]
2003/7/18	Friday	[5, 8, 16, 18, 38, 46, 13]
2003/7/17	Thursday	[2, 8, 34, 37, 42, 46, 40]
2003/7/16	Wednesday	[3, 7, 26, 33, 40, 48, 25]
2003/7/15	Tuesday	[7, 15, 18, 24, 38, 39, 16]
2003/7/14	Monday	[7, 9, 14, 22, 30, 40, 25]
2003/7/13	Sunday	[3, 18, 25, 31, 34, 35, 42]
2003/7/12	Saturday	[22, 26, 31, 37, 41, 46, 9]
2003/7/11	Friday	[9, 16, 28, 29, 37, 38, 32]
2003/7/10	Thursday	[1, 21, 28, 37, 41, 43, 26]
2003/7/9	Wednesday	[4, 7, 15, 20, 22, 42, 25]
2003/7/8	Tuesday	[1, 11, 19, 31, 34, 40, 27]
2003/7/7	Monday	[2, 10, 12, 15, 17, 23, 45]
2003/7/6	Sunday	[4, 15, 17, 30, 31, 44, 3]
2003/7/5	Saturday	[18, 25, 29, 31, 40, 43, 17]
2003/7/4	Friday	[1, 15, 18, 19, 42, 46, 7]
2003/7/3	Thursday	[7, 10, 11, 31, 44, 49, 8]
2003/7/2	Wednesday	[1, 6, 12, 13, 35, 37, 31]
2003/7/1	Tuesday	[18, 28, 34, 36, 45, 47, 32]
2003/6/30	Monday	[8, 13, 22, 32, 44, 46, 12]
2003/6/29	Sunday	[1, 16, 21, 31, 32, 35, 46]
2003/6/28	Saturday	[1, 23, 34, 36, 38, 49, 39]
2003/6/27	Friday	[4, 7, 24, 33, 37, 44, 18]
2003/6/26	Thursday	[16, 22, 33, 36, 39, 46, 7]
2003/6/25	Wednesday	[4, 26, 32, 33, 36, 37, 23]
2003/6/24	Tuesday	[4, 17, 19, 26, 38, 40, 25]
2003/6/23	Monday	[10, 13, 26, 35, 40, 44, 11]
2003/6/22	Sunday	[7, 25, 27, 31, 39, 42, 36]
2003/6/21	Saturday	[5, 9, 18, 26, 27, 39, 19]
2003/6/20	Friday	[3, 16, 19, 20, 22, 42, 24]
2003/6/19	Thursday	[21, 22, 28, 32, 35, 37, 2]
2003/6/18	Wednesday	[9, 10, 19, 25, 27, 45, 6]
2003/6/17	Tuesday	[11, 16, 22, 39, 42, 44, 35]
2003/6/16	Monday	[8, 15, 20, 21, 29, 41, 10]
2003/6/15	Sunday	[8, 20, 31, 36, 37, 46, 44]
2003/6/14	Saturday	[3, 11, 15, 29, 34, 36, 16]
2003/6/13	Friday	[8, 19, 24, 25, 39, 45, 43]
2003/6/12	Thursday	[17, 24, 25, 31, 42, 47, 46]
2003/6/11	Wednesday	[10, 20, 24, 30, 46, 47, 41]
2003/6/10	Tuesday	[3, 4, 5, 21, 29, 47, 19]
2003/6/9	Monday	[5, 13, 15, 17, 43, 47, 10]
2003/6/8	Sunday	[10, 21, 33, 35, 38, 39, 19]
2003/6/7	Saturday	[12, 13, 16, 17, 22, 26, 45]
2003/6/6	Friday	[7, 12, 23, 33, 38, 48, 30]
2003/6/5	Thursday	[5, 6, 23, 31, 48, 49, 41]
2003/6/4	Wednesday	[8, 11, 20, 39, 41, 44, 38]
2003/6/3	Tuesday	[20, 24, 27, 36, 38, 49, 42]
2003/6/2	Monday	[12, 20, 26, 38, 48, 49, 46]
2003/6/1	Sunday	[2, 7, 13, 27, 36, 44, 6]
2003/5/31	Saturday	[1, 15, 24, 39, 47, 48, 32]
2003/5/30	Friday	[5, 7, 12, 30, 34, 40, 27]
2003/5/29	Thursday	[7, 9, 28, 29, 30, 33, 3]
2003/5/28	Wednesday	[5, 17, 25, 26, 33, 44, 40]
2003/5/27	Tuesday	[9, 12, 23, 30, 34, 48, 49]
2003/5/26	Monday	[15, 16, 17, 23, 34, 36, 39]
2003/5/25	Sunday	[5, 22, 24, 38, 43, 44, 27]
2003/5/24	Saturday	[2, 15, 18, 22, 37, 44, 45]
2003/5/23	Friday	[5, 9, 13, 19, 34, 45, 46]
2003/5/22	Thursday	[7, 9, 10, 11, 16, 37, 24]
2003/5/21	Wednesday	[1, 4, 15, 21, 24, 31, 40]
2003/5/20	Tuesday	[2, 4, 20, 26, 32, 46, 25]
2003/5/19	Monday	[2, 18, 19, 22, 24, 41, 28]
2003/5/18	Sunday	[8, 22, 24, 25, 40, 43, 12]
2003/5/17	Saturday	[8, 11, 33, 34, 38, 42, 48]
2003/5/16	Friday	[8, 26, 29, 30, 43, 49, 2]
2003/5/15	Thursday	[1, 23, 27, 28, 30, 37, 46]
2003/5/14	Wednesday	[1, 5, 16, 17, 19, 33, 41]
2003/5/13	Tuesday	[3, 10, 14, 16, 18, 40, 7]
2003/5/12	Monday	[12, 14, 21, 27, 29, 38, 40]
2003/5/11	Sunday	[2, 23, 28, 40, 42, 48, 9]
2003/5/10	Saturday	[3, 6, 17, 21, 29, 46, 18]
2003/5/9	Friday	[5, 9, 16, 18, 19, 29, 13]
2003/5/8	Thursday	[10, 17, 32, 42, 46, 48, 39]
2003/5/7	Wednesday	[3, 10, 18, 21, 28, 37, 14]
2003/5/6	Tuesday	[8, 34, 39, 40, 46, 47, 23]
2003/5/5	Monday	[14, 32, 34, 35, 37, 48, 24]
2003/5/4	Sunday	[16, 18, 22, 28, 36, 39, 11]
2003/5/3	Saturday	[6, 8, 26, 29, 39, 48, 23]
2003/5/2	Friday	[18, 25, 33, 36, 44, 48, 45]
2003/5/1	Thursday	[11, 25, 31, 35, 38, 47, 3]
2003/4/30	Wednesday	[7, 19, 25, 33, 34, 37, 29]
2003/4/29	Tuesday	[15, 20, 23, 28, 35, 45, 49]
2003/4/28	Monday	[1, 9, 11, 17, 27, 48, 18]
2003/4/27	Sunday	[6, 9, 14, 15, 34, 47, 32]
2003/4/26	Saturday	[3, 15, 22, 38, 40, 45, 21]
2003/4/25	Friday	[20, 26, 29, 32, 34, 39, 44]
2003/4/24	Thursday	[2, 11, 24, 35, 37, 49, 48]
2003/4/23	Wednesday	[5, 6, 17, 28, 38, 40, 8]
2003/4/22	Tuesday	[5, 15, 18, 40, 45, 49, 38]
2003/4/21	Monday	[5, 6, 16, 34, 36, 48, 37]
2003/4/20	Sunday	[5, 8, 13, 14, 25, 28, 15]
2003/4/19	Saturday	[10, 23, 29, 38, 39, 46, 19]
2003/4/17	Thursday	[14, 35, 39, 44, 45, 46, 36]
2003/4/16	Wednesday	[3, 22, 30, 42, 44, 49, 41]
2003/4/15	Tuesday	[1, 12, 19, 28, 32, 44, 13]
2003/4/14	Monday	[12, 23, 24, 39, 44, 48, 22]
2003/4/13	Sunday	[3, 6, 32, 35, 41, 47, 22]
2003/4/12	Saturday	[1, 6, 24, 29, 40, 41, 47]
2003/4/11	Friday	[8, 20, 23, 38, 39, 45, 44]
2003/4/10	Thursday	[3, 4, 7, 19, 28, 43, 23]
2003/4/9	Wednesday	[2, 6, 13, 16, 37, 40, 25]
2003/4/8	Tuesday	[2, 4, 13, 27, 32, 44, 37]
2003/4/7	Monday	[10, 16, 19, 24, 26, 35, 2]
2003/4/6	Sunday	[6, 17, 25, 29, 38, 47, 40]
2003/4/5	Saturday	[4, 23, 27, 28, 35, 37, 43]
2003/4/4	Friday	[3, 12, 19, 23, 28, 35, 49]
2003/4/3	Thursday	[17, 28, 32, 35, 38, 43, 18]
2003/4/2	Wednesday	[7, 14, 16, 19, 31, 42, 10]
2003/4/1	Tuesday	[11, 19, 26, 29, 44, 49, 31]
2003/3/31	Monday	[11, 26, 27, 29, 34, 48, 18]
2003/3/30	Sunday	[5, 12, 27, 34, 48, 49, 15]
2003/3/29	Saturday	[4, 7, 10, 14, 37, 43, 1]
2003/3/28	Friday	[7, 13, 15, 19, 39, 43, 34]
2003/3/27	Thursday	[12, 22, 24, 28, 33, 35, 32]
2003/3/26	Wednesday	[2, 4, 13, 23, 26, 49, 5]
2003/3/25	Tuesday	[19, 23, 24, 37, 39, 47, 3]
2003/3/24	Monday	[3, 4, 6, 20, 25, 46, 47]
2003/3/23	Sunday	[20, 22, 35, 38, 39, 42, 25]
2003/3/22	Saturday	[4, 6, 11, 35, 38, 47, 46]
2003/3/21	Friday	[5, 15, 21, 26, 30, 36, 8]
2003/3/20	Thursday	[9, 15, 18, 23, 24, 40, 47]
2003/3/19	Wednesday	[11, 16, 26, 28, 30, 36, 33]
2003/3/18	Tuesday	[26, 30, 34, 36, 40, 47, 16]
2003/3/17	Monday	[5, 12, 25, 30, 37, 49, 39]
2003/3/16	Sunday	[11, 17, 20, 26, 28, 46, 15]
2003/3/15	Saturday	[15, 24, 26, 27, 36, 48, 38]
2003/3/14	Friday	[5, 8, 9, 13, 28, 32, 2]
2003/3/13	Thursday	[2, 5, 6, 21, 26, 41, 25]
2003/3/12	Wednesday	[6, 9, 16, 20, 29, 31, 4]
2003/3/11	Tuesday	[4, 9, 28, 42, 45, 47, 38]
2003/3/10	Monday	[5, 9, 15, 22, 26, 49, 2]
2003/3/9	Sunday	[20, 22, 29, 38, 42, 49, 4]
2003/3/8	Saturday	[2, 8, 21, 35, 39, 45, 46]
2003/3/7	Friday	[12, 24, 27, 28, 29, 39, 31]
2003/3/6	Thursday	[3, 4, 5, 31, 32, 35, 26]
2003/3/5	Wednesday	[17, 18, 29, 34, 35, 38, 15]
2003/3/4	Tuesday	[1, 17, 18, 40, 46, 48, 20]
2003/3/3	Monday	[5, 10, 16, 25, 29, 31, 23]
2003/3/2	Sunday	[3, 5, 14, 25, 27, 34, 1]
2003/3/1	Saturday	[4, 9, 13, 14, 28, 34, 37]
2003/2/28	Friday	[2, 9, 13, 22, 23, 38, 17]
2003/2/27	Thursday	[14, 16, 19, 30, 31, 48, 8]
2003/2/26	Wednesday	[9, 15, 19, 24, 37, 49, 28]
2003/2/25	Tuesday	[14, 24, 33, 42, 43, 44, 37]
2003/2/24	Monday	[6, 8, 20, 24, 27, 37, 17]
2003/2/23	Sunday	[1, 7, 10, 23, 26, 43, 48]
2003/2/22	Saturday	[2, 3, 6, 18, 23, 48, 40]
2003/2/21	Friday	[18, 19, 30, 35, 39, 40, 24]
2003/2/20	Thursday	[6, 11, 22, 32, 34, 37, 17]
2003/2/19	Wednesday	[3, 13, 18, 28, 32, 36, 38]
2003/2/18	Tuesday	[7, 18, 20, 26, 38, 42, 5]
2003/2/17	Monday	[10, 11, 20, 23, 33, 49, 6]
2003/2/16	Sunday	[13, 26, 33, 36, 37, 47, 39]
2003/2/15	Saturday	[16, 22, 24, 28, 35, 37, 41]
2003/2/14	Friday	[6, 12, 16, 21, 30, 33, 38]
2003/2/13	Thursday	[7, 11, 20, 22, 42, 46, 38]
2003/2/12	Wednesday	[2, 4, 5, 10, 41, 42, 22]
2003/2/11	Tuesday	[9, 18, 24, 28, 42, 46, 40]
2003/2/10	Monday	[3, 6, 11, 12, 22, 48, 7]
2003/2/9	Sunday	[4, 7, 10, 25, 27, 41, 44]
2003/2/8	Saturday	[24, 28, 30, 36, 39, 43, 41]
2003/2/7	Friday	[4, 7, 32, 35, 42, 48, 11]
2003/2/6	Thursday	[2, 3, 16, 20, 34, 44, 29]
2003/2/5	Wednesday	[16, 18, 34, 35, 38, 49, 5]
2003/2/4	Tuesday	[3, 4, 24, 30, 32, 46, 27]
2003/2/3	Monday	[6, 16, 30, 32, 46, 47, 11]
2003/2/2	Sunday	[23, 31, 33, 35, 36, 42, 37]
2003/2/1	Saturday	[16, 22, 28, 32, 43, 45, 40]
2003/1/31	Friday	[1, 5, 15, 16, 19, 34, 8]
2003/1/30	Thursday	[10, 24, 26, 27, 33, 45, 23]
2003/1/29	Wednesday	[5, 16, 20, 27, 36, 39, 29]
2003/1/28	Tuesday	[10, 17, 24, 43, 45, 46, 19]
2003/1/27	Monday	[3, 4, 13, 15, 43, 49, 9]
2003/1/26	Sunday	[24, 25, 32, 40, 46, 49, 12]
2003/1/25	Saturday	[4, 5, 37, 40, 41, 42, 2]
2003/1/24	Friday	[2, 11, 13, 16, 19, 38, 31]
2003/1/23	Thursday	[12, 27, 31, 33, 40, 42, 17]
2003/1/22	Wednesday	[4, 13, 23, 31, 32, 38, 45]
2003/1/21	Tuesday	[13, 40, 41, 43, 44, 45, 1]
2003/1/20	Monday	[7, 16, 18, 31, 41, 48, 44]
2003/1/19	Sunday	[2, 7, 16, 21, 42, 46, 39]
2003/1/18	Saturday	[6, 14, 15, 20, 32, 44, 49]
2003/1/17	Friday	[12, 13, 40, 41, 45, 47, 16]
2003/1/16	Thursday	[2, 3, 23, 25, 38, 41, 44]
2003/1/15	Wednesday	[1, 6, 12, 32, 34, 49, 17]
2003/1/14	Tuesday	[3, 11, 18, 27, 45, 49, 31]
2003/1/13	Monday	[1, 4, 6, 7, 26, 34, 49]
2003/1/12	Sunday	[2, 3, 23, 41, 44, 49, 6]
2003/1/11	Saturday	[7, 12, 18, 24, 29, 42, 11]
2003/1/10	Friday	[18, 19, 22, 32, 39, 44, 38]
2003/1/9	Thursday	[11, 13, 15, 18, 22, 48, 39]
2003/1/8	Wednesday	[4, 20, 25, 30, 33, 49, 13]
2003/1/7	Tuesday	[4, 18, 21, 38, 41, 47, 14]
2003/1/6	Monday	[14, 16, 26, 27, 30, 35, 41]
2003/1/5	Sunday	[1, 8, 28, 30, 40, 44, 17]
2003/1/4	Saturday	[10, 16, 23, 26, 28, 29, 1]
2003/1/3	Friday	[3, 8, 13, 18, 28, 44, 12]
2003/1/2	Thursday	[10, 12, 18, 20, 26, 33, 43]
2003/1/1	Wednesday	[18, 20, 25, 40, 43, 47, 36]
