Date	Day	result
1997/12/31	Wednesday	[6, 10, 11, 25, 32, 46]
1997/12/30	Tuesday	[6, 21, 26, 29, 32, 41]
1997/12/29	Monday	[18, 21, 28, 39, 40, 41]
1997/12/27	Saturday	[21, 28, 31, 35, 38, 45]
1997/12/26	Friday	[4, 20, 27, 34, 36, 48]
1997/12/22	Monday	[4, 8, 27, 35, 41, 42]
1997/12/20	Saturday	[5, 9, 13, 15, 30, 38]
1997/12/19	Friday	[23, 25, 27, 28, 32, 33]
1997/12/18	Thursday	[24, 27, 31, 38, 41, 47]
1997/12/17	Wednesday	[14, 24, 34, 38, 40, 49]
1997/12/16	Tuesday	[4, 5, 20, 27, 40, 43]
1997/12/15	Monday	[9, 14, 15, 17, 18, 46]
1997/12/13	Saturday	[5, 19, 26, 29, 30, 49]
1997/12/12	Friday	[6, 11, 29, 30, 43, 45]
1997/12/11	Thursday	[2, 12, 14, 17, 22, 35]
1997/12/10	Wednesday	[1, 16, 23, 24, 27, 37]
1997/12/9	Tuesday	[7, 8, 22, 24, 36, 38]
1997/12/8	Monday	[2, 6, 17, 20, 47, 49]
1997/12/6	Saturday	[1, 11, 13, 16, 17, 27]
1997/12/5	Friday	[3, 22, 23, 33, 39, 48]
1997/12/4	Thursday	[2, 7, 11, 32, 41, 45]
1997/12/3	Wednesday	[4, 7, 15, 17, 23, 35]
1997/12/2	Tuesday	[10, 18, 20, 25, 44, 49]
1997/12/1	Monday	[13, 27, 29, 30, 31, 37]
1997/11/29	Saturday	[5, 7, 8, 29, 32, 41]
1997/11/28	Friday	[7, 17, 20, 28, 37, 45]
1997/11/27	Thursday	[1, 11, 14, 25, 39, 44]
1997/11/26	Wednesday	[9, 25, 34, 36, 45, 46]
1997/11/25	Tuesday	[1, 4, 18, 25, 30, 31]
1997/11/24	Monday	[8, 10, 15, 23, 24, 39]
1997/11/22	Saturday	[5, 8, 14, 26, 30, 49]
1997/11/21	Friday	[10, 13, 28, 42, 47, 49]
1997/11/20	Thursday	[3, 9, 10, 14, 23, 25]
1997/11/19	Wednesday	[1, 3, 23, 34, 41, 49]
1997/11/18	Tuesday	[8, 9, 14, 23, 28, 48]
1997/11/17	Monday	[14, 24, 34, 38, 40, 49]
1997/11/16	Sunday	[3, 11, 17, 34, 36, 45]
1997/11/15	Saturday	[1, 9, 12, 15, 25, 34]
1997/11/14	Friday	[6, 17, 29, 35, 38, 42]
1997/11/13	Thursday	[1, 13, 16, 19, 32, 46]
1997/11/12	Wednesday	[4, 9, 25, 26, 33, 38]
1997/11/11	Tuesday	[6, 8, 18, 23, 31, 45]
1997/11/10	Monday	[6, 18, 20, 36, 45, 49]
1997/11/9	Sunday	[11, 13, 16, 19, 26, 28]
1997/11/8	Saturday	[11, 21, 24, 25, 27, 39]
1997/11/7	Friday	[5, 22, 31, 32, 42, 43]
1997/11/6	Thursday	[5, 15, 25, 26, 34, 48]
1997/11/5	Wednesday	[11, 15, 18, 21, 28, 32]
1997/11/4	Tuesday	[2, 8, 13, 20, 21, 33]
1997/11/3	Monday	[10, 13, 18, 19, 23, 36]
1997/11/1	Saturday	[3, 7, 17, 30, 31, 38]
1997/10/31	Friday	[2, 14, 23, 27, 35, 44]
1997/10/30	Thursday	[10, 17, 21, 22, 29, 37]
1997/10/29	Wednesday	[7, 19, 23, 40, 47, 48]
1997/10/28	Tuesday	[5, 11, 14, 29, 32, 46]
1997/10/27	Monday	[1, 7, 9, 28, 30, 45]
1997/10/25	Saturday	[2, 8, 19, 40, 43, 48]
1997/10/24	Friday	[12, 15, 24, 26, 42, 44]
1997/10/23	Thursday	[2, 8, 16, 23, 30, 35]
1997/10/22	Wednesday	[2, 3, 23, 26, 43, 44]
1997/10/21	Tuesday	[7, 10, 15, 36, 40, 47]
1997/10/20	Monday	[5, 9, 22, 23, 24, 38]
1997/10/18	Saturday	[12, 16, 18, 20, 30, 35]
1997/10/17	Friday	[3, 6, 7, 29, 30, 49]
1997/10/16	Thursday	[2, 3, 8, 20, 22, 49]
1997/10/15	Wednesday	[20, 31, 32, 35, 40, 49]
1997/10/14	Tuesday	[10, 18, 21, 40, 44, 48]
1997/10/13	Monday	[20, 26, 27, 35, 44, 45]
1997/10/11	Saturday	[2, 4, 5, 8, 21, 33]
1997/10/10	Friday	[1, 3, 17, 27, 45, 46]
1997/10/9	Thursday	[8, 29, 37, 39, 48, 49]
1997/10/8	Wednesday	[14, 19, 26, 29, 33, 44]
1997/10/7	Tuesday	[4, 8, 18, 27, 35, 38]
1997/10/6	Monday	[14, 21, 36, 37, 40, 43]
1997/10/5	Sunday	[20, 23, 32, 38, 47, 49]
1997/10/4	Saturday	[4, 20, 22, 25, 31, 45]
1997/10/3	Friday	[4, 21, 27, 28, 34, 49]
1997/10/2	Thursday	[1, 18, 26, 38, 39, 47]
1997/10/1	Wednesday	[7, 20, 30, 40, 44, 47]
1997/9/30	Tuesday	[10, 13, 16, 22, 23, 44]
1997/9/29	Monday	[5, 8, 9, 10, 16, 31]
1997/9/28	Sunday	[2, 9, 15, 19, 38, 42]
1997/9/27	Saturday	[7, 15, 22, 24, 25, 28]
1997/9/26	Friday	[3, 10, 27, 42, 43, 45]
1997/9/25	Thursday	[2, 10, 19, 24, 37, 47]
1997/9/24	Wednesday	[6, 8, 14, 21, 29, 43]
1997/9/23	Tuesday	[3, 5, 6, 9, 36, 42]
1997/9/22	Monday	[2, 8, 17, 24, 31, 39]
1997/9/21	Sunday	[2, 3, 4, 20, 41, 45]
1997/9/20	Saturday	[7, 19, 27, 28, 37, 45]
1997/9/19	Friday	[18, 24, 27, 39, 40, 49]
1997/9/18	Thursday	[1, 6, 15, 23, 37, 38]
1997/9/17	Wednesday	[1, 18, 26, 30, 37, 39]
1997/9/16	Tuesday	[3, 4, 5, 25, 27, 48]
1997/9/15	Monday	[6, 15, 30, 37, 41, 47]
1997/9/13	Saturday	[16, 20, 29, 33, 39, 41]
1997/9/12	Friday	[2, 4, 13, 15, 46, 49]
1997/9/11	Thursday	[5, 11, 13, 17, 22, 41]
1997/9/10	Wednesday	[11, 17, 24, 29, 36, 46]
1997/9/9	Tuesday	[5, 25, 29, 31, 37, 48]
1997/9/8	Monday	[21, 23, 26, 32, 33, 42]
1997/9/5	Friday	[2, 12, 16, 21, 29, 48]
1997/9/4	Thursday	[2, 13, 17, 18, 38, 40]
1997/9/3	Wednesday	[9, 22, 26, 29, 35, 41]
1997/9/2	Tuesday	[8, 30, 31, 32, 41, 47]
1997/9/1	Monday	[29, 30, 35, 36, 46, 49]
1997/8/30	Saturday	[2, 6, 13, 21, 32, 45]
1997/8/29	Friday	[11, 12, 20, 22, 26, 41]
1997/8/28	Thursday	[13, 15, 16, 29, 32, 46]
1997/8/27	Wednesday	[3, 4, 15, 18, 45, 49]
1997/8/26	Tuesday	[10, 14, 23, 30, 31, 33]
1997/8/25	Monday	[2, 7, 10, 24, 29, 48]
1997/8/23	Saturday	[2, 4, 9, 19, 31, 42]
1997/8/22	Friday	[1, 5, 25, 34, 42, 48]
1997/8/21	Thursday	[21, 26, 32, 35, 37, 39]
1997/8/20	Wednesday	[12, 13, 19, 33, 39, 46]
1997/8/19	Tuesday	[2, 4, 23, 27, 43, 48]
1997/8/18	Monday	[9, 20, 23, 25, 32, 49]
1997/8/17	Sunday	[12, 15, 16, 31, 33, 34]
1997/8/16	Saturday	[2, 4, 14, 22, 41, 47]
1997/8/15	Friday	[10, 25, 29, 31, 41, 44]
1997/8/14	Thursday	[1, 2, 11, 21, 34, 47]
1997/8/13	Wednesday	[11, 13, 32, 36, 38, 43]
1997/8/12	Tuesday	[11, 18, 28, 45, 47, 49]
1997/8/11	Monday	[11, 13, 20, 26, 28, 38]
1997/8/10	Sunday	[6, 7, 18, 35, 37, 49]
1997/8/9	Saturday	[4, 15, 23, 30, 43, 47]
1997/8/8	Friday	[11, 13, 21, 29, 33, 49]
1997/8/7	Thursday	[1, 4, 7, 11, 24, 43]
1997/8/6	Wednesday	[7, 10, 18, 32, 33, 39]
1997/8/5	Tuesday	[4, 14, 29, 35, 43, 46]
1997/8/4	Monday	[3, 14, 16, 19, 25, 26]
1997/8/3	Sunday	[9, 17, 20, 28, 47, 48]
1997/8/2	Saturday	[6, 14, 25, 29, 31, 36]
1997/8/1	Friday	[7, 27, 33, 34, 35, 36]
1997/7/31	Thursday	[12, 17, 25, 26, 33, 34]
1997/7/30	Wednesday	[3, 15, 25, 40, 42, 46]
1997/7/29	Tuesday	[7, 8, 15, 20, 25, 37]
1997/7/28	Monday	[7, 16, 25, 42, 48, 49]
1997/7/26	Saturday	[7, 10, 26, 27, 44, 46]
1997/7/25	Friday	[5, 18, 21, 30, 34, 47]
1997/7/24	Thursday	[5, 18, 23, 25, 31, 41]
1997/7/23	Wednesday	[18, 23, 26, 42, 47, 48]
1997/7/22	Tuesday	[6, 10, 19, 21, 26, 49]
1997/7/21	Monday	[11, 17, 20, 23, 26, 31]
1997/7/19	Saturday	[3, 20, 25, 31, 37, 39]
1997/7/18	Friday	[5, 14, 17, 18, 25, 36]
1997/7/17	Thursday	[7, 8, 12, 33, 38, 39]
1997/7/16	Wednesday	[18, 26, 27, 28, 32, 38]
1997/7/15	Tuesday	[18, 28, 29, 31, 37, 39]
1997/7/14	Monday	[3, 6, 18, 23, 39, 42]
1997/7/12	Saturday	[7, 19, 31, 39, 41, 46]
1997/7/11	Friday	[4, 17, 25, 38, 45, 49]
1997/7/10	Thursday	[6, 8, 15, 23, 27, 32]
1997/7/9	Wednesday	[13, 26, 27, 35, 36, 38]
1997/7/8	Tuesday	[3, 4, 19, 24, 36, 44]
1997/7/7	Monday	[11, 15, 21, 31, 33, 49]
1997/7/5	Saturday	[10, 13, 17, 28, 31, 48]
1997/7/4	Friday	[2, 7, 8, 17, 23, 29]
1997/7/3	Thursday	[5, 6, 9, 24, 30, 42]
1997/7/2	Wednesday	[1, 3, 17, 18, 35, 48]
1997/7/1	Tuesday	[8, 21, 28, 41, 48, 49]
1997/6/30	Monday	[5, 8, 10, 40, 42, 43]
1997/6/29	Sunday	[18, 19, 35, 36, 40, 46]
1997/6/28	Saturday	[8, 11, 21, 32, 33, 37]
1997/6/27	Friday	[4, 12, 19, 33, 34, 48]
1997/6/26	Thursday	[4, 5, 9, 24, 27, 40]
1997/6/25	Wednesday	[1, 23, 37, 41, 43, 49]
1997/6/24	Tuesday	[9, 13, 25, 30, 44, 49]
1997/6/23	Monday	[2, 4, 18, 30, 46, 47]
1997/6/21	Saturday	[4, 19, 35, 40, 43, 46]
1997/6/20	Friday	[11, 13, 15, 18, 41, 45]
1997/6/19	Thursday	[14, 16, 27, 34, 38, 44]
1997/6/18	Wednesday	[3, 7, 20, 26, 30, 49]
1997/6/17	Tuesday	[12, 26, 32, 35, 43, 46]
1997/6/16	Monday	[25, 30, 37, 38, 40, 47]
1997/6/14	Saturday	[3, 9, 10, 21, 38, 48]
1997/6/13	Friday	[16, 18, 19, 32, 42, 49]
1997/6/12	Thursday	[3, 4, 8, 16, 45, 49]
1997/6/11	Wednesday	[16, 20, 23, 25, 35, 46]
1997/6/10	Tuesday	[7, 12, 17, 30, 33, 43]
1997/6/9	Monday	[3, 23, 28, 29, 32, 34]
1997/6/7	Saturday	[4, 7, 13, 17, 40, 44]
1997/6/6	Friday	[2, 3, 6, 7, 8, 18]
1997/6/5	Thursday	[3, 20, 27, 35, 41, 43]
1997/6/4	Wednesday	[3, 6, 33, 35, 43, 46]
1997/6/3	Tuesday	[4, 6, 8, 16, 45, 46]
1997/6/2	Monday	[10, 17, 28, 30, 41, 46]
1997/5/31	Saturday	[8, 14, 32, 38, 45, 49]
1997/5/30	Friday	[3, 23, 25, 26, 30, 47]
1997/5/29	Thursday	[3, 15, 16, 41, 42, 47]
1997/5/28	Wednesday	[1, 5, 6, 7, 12, 37]
1997/5/27	Tuesday	[9, 13, 36, 38, 39, 47]
1997/5/26	Monday	[11, 23, 26, 30, 33, 36]
1997/5/24	Saturday	[7, 8, 9, 19, 29, 38]
1997/5/23	Friday	[8, 12, 13, 34, 39, 43]
1997/5/22	Thursday	[3, 5, 24, 33, 40, 41]
1997/5/21	Wednesday	[25, 27, 29, 32, 35, 38]
1997/5/20	Tuesday	[6, 7, 26, 34, 43, 44]
1997/5/19	Monday	[10, 21, 23, 28, 34, 44]
1997/5/18	Sunday	[5, 24, 33, 37, 38, 48]
1997/5/17	Saturday	[18, 20, 27, 28, 32, 33]
1997/5/16	Friday	[6, 7, 26, 30, 35, 46]
1997/5/15	Thursday	[4, 23, 26, 29, 36, 43]
1997/5/14	Wednesday	[7, 22, 26, 33, 41, 47]
1997/5/13	Tuesday	[4, 19, 25, 27, 38, 48]
1997/5/12	Monday	[3, 15, 20, 33, 44, 45]
1997/5/11	Sunday	[10, 13, 30, 31, 33, 38]
1997/5/10	Saturday	[6, 22, 31, 33, 44, 46]
1997/5/9	Friday	[2, 7, 12, 16, 27, 29]
1997/5/8	Thursday	[6, 16, 17, 18, 23, 28]
1997/5/7	Wednesday	[8, 15, 31, 37, 39, 43]
1997/5/6	Tuesday	[8, 23, 25, 31, 40, 46]
1997/5/5	Monday	[4, 16, 17, 20, 37, 38]
1997/5/4	Sunday	[7, 12, 15, 23, 31, 46]
1997/5/3	Saturday	[1, 3, 7, 18, 26, 35]
1997/5/2	Friday	[1, 3, 5, 27, 36, 44]
1997/5/1	Thursday	[5, 8, 20, 21, 25, 37]
1997/4/30	Wednesday	[13, 16, 18, 27, 28, 47]
1997/4/29	Tuesday	[4, 12, 16, 27, 41, 49]
1997/4/28	Monday	[9, 15, 16, 18, 38, 45]
1997/4/26	Saturday	[1, 15, 19, 43, 48, 49]
1997/4/25	Friday	[2, 24, 27, 36, 41, 48]
1997/4/24	Thursday	[1, 5, 17, 32, 35, 39]
1997/4/23	Wednesday	[6, 9, 12, 35, 38, 49]
1997/4/22	Tuesday	[9, 12, 20, 28, 38, 45]
1997/4/21	Monday	[11, 21, 27, 31, 35, 36]
1997/4/19	Saturday	[8, 13, 24, 39, 41, 47]
1997/4/18	Friday	[3, 8, 25, 30, 36, 41]
1997/4/17	Thursday	[1, 4, 6, 11, 14, 38]
1997/4/16	Wednesday	[5, 7, 8, 29, 43, 46]
1997/4/15	Tuesday	[16, 17, 20, 28, 32, 47]
1997/4/14	Monday	[7, 19, 30, 36, 37, 39]
1997/4/12	Saturday	[11, 13, 14, 26, 34, 43]
1997/4/11	Friday	[6, 9, 13, 17, 28, 49]
1997/4/10	Thursday	[7, 12, 22, 26, 43, 48]
1997/4/9	Wednesday	[8, 11, 12, 17, 21, 49]
1997/4/8	Tuesday	[1, 7, 11, 18, 33, 41]
1997/4/7	Monday	[9, 15, 35, 39, 46, 47]
1997/4/5	Saturday	[9, 22, 34, 42, 45, 46]
1997/4/4	Friday	[7, 12, 15, 22, 26, 42]
1997/4/3	Thursday	[41, 43, 44, 45, 46, 49]
1997/4/2	Wednesday	[7, 14, 28, 31, 39, 47]
1997/4/1	Tuesday	[4, 10, 11, 22, 31, 44]
1997/3/31	Monday	[4, 19, 24, 25, 26, 36]
1997/3/29	Saturday	[1, 11, 13, 16, 19, 40]
1997/3/27	Thursday	[8, 9, 10, 37, 38, 41]
1997/3/26	Wednesday	[4, 8, 14, 19, 35, 46]
1997/3/25	Tuesday	[10, 20, 32, 33, 44, 49]
1997/3/24	Monday	[1, 3, 13, 23, 24, 32]
1997/3/22	Saturday	[9, 20, 23, 35, 36, 48]
1997/3/21	Friday	[1, 14, 18, 20, 30, 39]
1997/3/20	Thursday	[1, 2, 5, 13, 20, 25]
1997/3/19	Wednesday	[18, 32, 36, 37, 46, 47]
1997/3/18	Tuesday	[2, 5, 26, 44, 47, 48]
1997/3/17	Monday	[12, 13, 14, 17, 30, 33]
1997/3/15	Saturday	[13, 19, 27, 36, 38, 46]
1997/3/14	Friday	[4, 8, 22, 26, 38, 47]
1997/3/13	Thursday	[7, 8, 18, 19, 23, 39]
1997/3/12	Wednesday	[7, 8, 38, 40, 42, 45]
1997/3/11	Tuesday	[1, 7, 21, 28, 37, 49]
1997/3/10	Monday	[5, 7, 10, 37, 38, 49]
1997/3/8	Saturday	[7, 9, 10, 15, 34, 38]
1997/3/7	Friday	[25, 27, 37, 38, 41, 43]
1997/3/6	Thursday	[14, 19, 35, 43, 44, 48]
1997/3/5	Wednesday	[7, 8, 35, 36, 47, 49]
1997/3/4	Tuesday	[2, 11, 26, 31, 38, 47]
1997/3/3	Monday	[20, 23, 26, 27, 31, 49]
1997/3/1	Saturday	[1, 6, 11, 35, 36, 47]
1997/2/28	Friday	[6, 7, 24, 28, 33, 40]
1997/2/27	Thursday	[22, 33, 34, 40, 45, 47]
1997/2/26	Wednesday	[16, 28, 36, 38, 43, 45]
1997/2/25	Tuesday	[11, 23, 25, 30, 37, 43]
1997/2/24	Monday	[10, 15, 20, 22, 27, 31]
1997/2/22	Saturday	[10, 25, 26, 31, 40, 43]
1997/2/21	Friday	[3, 11, 12, 13, 45, 49]
1997/2/20	Thursday	[3, 5, 7, 28, 31, 47]
1997/2/19	Wednesday	[5, 11, 23, 30, 42, 49]
1997/2/18	Tuesday	[12, 21, 24, 32, 47, 48]
1997/2/17	Monday	[3, 9, 15, 23, 33, 42]
1997/2/15	Saturday	[14, 23, 39, 40, 43, 44]
1997/2/14	Friday	[3, 18, 38, 41, 42, 49]
1997/2/13	Thursday	[11, 16, 26, 31, 35, 37]
1997/2/12	Wednesday	[4, 10, 24, 29, 32, 33]
1997/2/11	Tuesday	[6, 11, 34, 45, 48, 49]
1997/2/10	Monday	[3, 13, 22, 32, 44, 48]
1997/2/8	Saturday	[3, 6, 21, 36, 40, 41]
1997/2/7	Friday	[5, 13, 15, 18, 22, 47]
1997/2/6	Thursday	[3, 6, 26, 31, 40, 45]
1997/2/5	Wednesday	[9, 18, 31, 32, 36, 39]
1997/2/4	Tuesday	[1, 3, 19, 33, 38, 41]
1997/2/3	Monday	[4, 12, 13, 15, 19, 39]
1997/2/1	Saturday	[2, 22, 26, 34, 42, 49]
1997/1/31	Friday	[5, 9, 16, 17, 28, 38]
1997/1/30	Thursday	[13, 18, 25, 30, 41, 47]
1997/1/29	Wednesday	[2, 4, 9, 14, 33, 45]
1997/1/28	Tuesday	[1, 14, 20, 22, 31, 32]
1997/1/27	Monday	[13, 20, 29, 35, 44, 46]
1997/1/25	Saturday	[9, 19, 25, 37, 47, 49]
1997/1/24	Friday	[11, 19, 20, 27, 28, 35]
1997/1/23	Thursday	[2, 8, 24, 38, 40, 49]
1997/1/22	Wednesday	[14, 16, 19, 27, 29, 45]
1997/1/21	Tuesday	[2, 3, 10, 32, 37, 42]
1997/1/20	Monday	[2, 12, 17, 33, 42, 45]
1997/1/18	Saturday	[9, 13, 28, 37, 48, 49]
1997/1/17	Friday	[17, 27, 35, 36, 44, 49]
1997/1/16	Thursday	[24, 30, 35, 40, 43, 45]
1997/1/15	Wednesday	[3, 31, 32, 38, 41, 47]
1997/1/14	Tuesday	[2, 16, 27, 33, 41, 45]
1997/1/13	Monday	[11, 13, 23, 30, 39, 44]
1997/1/11	Saturday	[7, 8, 29, 36, 39, 42]
1997/1/10	Friday	[3, 7, 13, 30, 34, 47]
1997/1/9	Thursday	[9, 12, 15, 26, 33, 38]
1997/1/8	Wednesday	[7, 11, 34, 37, 46, 47]
1997/1/7	Tuesday	[1, 32, 33, 41, 47, 48]
1997/1/6	Monday	[17, 23, 27, 45, 46, 48]
1997/1/4	Saturday	[3, 12, 24, 28, 40, 42]
1997/1/3	Friday	[7, 8, 13, 36, 43, 45]
1997/1/2	Thursday	[8, 9, 16, 24, 26, 36]
1997/1/1	Wednesday	[15, 25, 43, 44, 45, 49]
