Date	Day	result
2021/12/31	Friday	[11, 14, 29, 30, 31, 36, 35]
2021/12/30	Thursday	[2, 31, 37, 38, 44, 47, 1]
2021/12/29	Wednesday	[5, 6, 7, 12, 40, 47, 39]
2021/12/28	Tuesday	[3, 15, 22, 25, 26, 37, 36]
2021/12/27	Monday	[17, 18, 20, 27, 39, 48, 9]
2021/12/26	Sunday	[12, 15, 31, 35, 45, 47, 5]
2021/12/24	Friday	[3, 5, 18, 23, 30, 34, 20]
2021/12/23	Thursday	[20, 24, 27, 41, 43, 47, 29]
2021/12/22	Wednesday	[3, 7, 11, 13, 19, 20, 33]
2021/12/21	Tuesday	[11, 12, 22, 28, 29, 32, 10]
2021/12/20	Monday	[8, 16, 20, 26, 29, 47, 6]
2021/12/19	Sunday	[6, 20, 33, 44, 45, 47, 36]
2021/12/18	Saturday	[2, 3, 24, 32, 35, 46, 27]
2021/12/17	Friday	[5, 7, 10, 11, 28, 34, 15]
2021/12/16	Thursday	[15, 19, 33, 35, 37, 39, 17]
2021/12/15	Wednesday	[10, 12, 14, 39, 47, 48, 43]
2021/12/14	Tuesday	[1, 8, 9, 12, 28, 44, 39]
2021/12/13	Monday	[6, 9, 20, 25, 33, 36, 31]
2021/12/12	Sunday	[2, 3, 23, 35, 46, 48, 31]
2021/12/11	Saturday	[18, 21, 22, 33, 39, 43, 15]
2021/12/10	Friday	[1, 8, 9, 19, 38, 47, 42]
2021/12/9	Thursday	[3, 22, 23, 31, 43, 45, 38]
2021/12/8	Wednesday	[4, 8, 16, 36, 46, 48, 9]
2021/12/7	Tuesday	[3, 23, 35, 36, 42, 47, 43]
2021/12/6	Monday	[1, 3, 16, 19, 23, 29, 35]
2021/12/5	Sunday	[1, 3, 23, 40, 48, 49, 38]
2021/12/4	Saturday	[3, 9, 13, 26, 34, 45, 27]
2021/12/3	Friday	[2, 4, 24, 28, 35, 46, 10]
2021/12/2	Thursday	[1, 2, 14, 24, 28, 47, 12]
2021/12/1	Wednesday	[2, 5, 8, 12, 14, 41, 3]
2021/11/30	Tuesday	[7, 16, 30, 32, 36, 49, 10]
2021/11/29	Monday	[6, 15, 31, 32, 43, 46, 3]
2021/11/28	Sunday	[7, 11, 24, 30, 35, 46, 19]
2021/11/27	Saturday	[9, 11, 24, 26, 27, 38, 28]
2021/11/26	Friday	[5, 10, 16, 23, 25, 29, 30]
2021/11/25	Thursday	[4, 5, 22, 31, 40, 43, 13]
2021/11/24	Wednesday	[2, 3, 28, 37, 39, 49, 9]
2021/11/23	Tuesday	[15, 31, 34, 45, 46, 49, 48]
2021/11/22	Monday	[13, 21, 37, 38, 43, 45, 39]
2021/11/21	Sunday	[11, 14, 25, 28, 37, 41, 35]
2021/11/20	Saturday	[4, 7, 29, 36, 42, 46, 22]
2021/11/19	Friday	[5, 8, 10, 43, 44, 47, 46]
2021/11/18	Thursday	[10, 34, 36, 44, 46, 49, 24]
2021/11/17	Wednesday	[1, 4, 16, 34, 35, 40, 41]
2021/11/16	Tuesday	[10, 13, 16, 34, 41, 47, 23]
2021/11/15	Monday	[13, 18, 30, 32, 41, 43, 26]
2021/11/14	Sunday	[1, 2, 10, 31, 40, 46, 6]
2021/11/13	Saturday	[4, 6, 19, 26, 35, 45, 49]
2021/11/12	Friday	[6, 22, 27, 34, 36, 44, 23]
2021/11/11	Thursday	[7, 18, 23, 24, 27, 46, 35]
2021/11/10	Wednesday	[1, 4, 28, 29, 36, 42, 5]
2021/11/9	Tuesday	[4, 6, 11, 15, 16, 45, 21]
2021/11/8	Monday	[7, 10, 11, 19, 22, 39, 3]
2021/11/7	Sunday	[1, 2, 3, 28, 41, 46, 6]
2021/11/6	Saturday	[5, 11, 18, 28, 36, 43, 15]
2021/11/5	Friday	[11, 13, 16, 27, 32, 42, 3]
2021/11/4	Thursday	[4, 16, 17, 21, 33, 47, 2]
2021/11/3	Wednesday	[7, 15, 29, 30, 47, 49, 20]
2021/11/2	Tuesday	[3, 11, 13, 24, 43, 45, 42]
2021/11/1	Monday	[17, 20, 34, 45, 46, 48, 49]
2021/10/31	Sunday	[10, 25, 32, 33, 36, 43, 37]
2021/10/30	Saturday	[7, 14, 16, 33, 43, 49, 41]
2021/10/29	Friday	[2, 18, 25, 26, 36, 40, 11]
2021/10/28	Thursday	[8, 21, 23, 27, 38, 46, 14]
2021/10/27	Wednesday	[2, 4, 5, 12, 22, 38, 45]
2021/10/26	Tuesday	[3, 6, 9, 24, 39, 48, 14]
2021/10/25	Monday	[14, 19, 21, 31, 40, 41, 28]
2021/10/24	Sunday	[2, 3, 10, 15, 34, 39, 22]
2021/10/23	Saturday	[1, 2, 7, 18, 20, 46, 37]
2021/10/22	Friday	[2, 12, 16, 18, 39, 46, 36]
2021/10/21	Thursday	[8, 10, 31, 38, 45, 47, 21]
2021/10/20	Wednesday	[4, 9, 24, 30, 40, 44, 23]
2021/10/19	Tuesday	[8, 11, 20, 28, 32, 44, 26]
2021/10/18	Monday	[13, 22, 28, 40, 44, 48, 23]
2021/10/17	Sunday	[2, 11, 24, 27, 33, 38, 44]
2021/10/16	Saturday	[14, 18, 20, 33, 34, 40, 22]
2021/10/15	Friday	[2, 3, 16, 39, 41, 47, 11]
2021/10/14	Thursday	[1, 3, 14, 18, 20, 41, 42]
2021/10/13	Wednesday	[20, 24, 31, 38, 39, 47, 44]
2021/10/12	Tuesday	[2, 4, 5, 7, 14, 32, 24]
2021/10/11	Monday	[2, 14, 31, 32, 46, 47, 24]
2021/10/10	Sunday	[4, 11, 12, 18, 29, 36, 47]
2021/10/9	Saturday	[13, 16, 18, 20, 25, 49, 28]
2021/10/8	Friday	[9, 19, 27, 30, 40, 47, 22]
2021/10/7	Thursday	[3, 13, 37, 38, 39, 46, 25]
2021/10/6	Wednesday	[1, 2, 7, 20, 40, 46, 41]
2021/10/5	Tuesday	[3, 12, 18, 32, 33, 43, 11]
2021/10/4	Monday	[7, 22, 27, 40, 41, 49, 13]
2021/10/3	Sunday	[3, 6, 7, 24, 40, 48, 33]
2021/10/2	Saturday	[15, 17, 20, 26, 39, 43, 29]
2021/10/1	Friday	[3, 12, 30, 33, 40, 41, 9]
2021/9/30	Thursday	[4, 17, 20, 36, 43, 44, 2]
2021/9/29	Wednesday	[6, 13, 30, 33, 36, 47, 43]
2021/9/28	Tuesday	[1, 23, 28, 43, 45, 49, 3]
2021/9/27	Monday	[2, 3, 8, 13, 21, 45, 44]
2021/9/26	Sunday	[3, 6, 12, 20, 36, 47, 39]
2021/9/25	Saturday	[12, 20, 27, 34, 39, 43, 29]
2021/9/24	Friday	[7, 14, 17, 34, 40, 47, 18]
2021/9/23	Thursday	[7, 10, 22, 37, 38, 45, 39]
2021/9/22	Wednesday	[16, 17, 22, 25, 35, 37, 46]
2021/9/21	Tuesday	[2, 16, 28, 34, 36, 40, 10]
2021/9/20	Monday	[4, 9, 26, 35, 39, 40, 25]
2021/9/19	Sunday	[1, 9, 16, 35, 43, 45, 2]
2021/9/18	Saturday	[13, 19, 31, 42, 43, 45, 5]
2021/9/17	Friday	[12, 13, 19, 26, 35, 39, 43]
2021/9/16	Thursday	[4, 14, 23, 27, 45, 46, 44]
2021/9/15	Wednesday	[4, 5, 6, 32, 34, 43, 48]
2021/9/14	Tuesday	[3, 15, 16, 26, 47, 49, 34]
2021/9/13	Monday	[4, 12, 16, 17, 43, 48, 28]
2021/9/12	Sunday	[13, 21, 23, 32, 35, 39, 27]
2021/9/11	Saturday	[2, 7, 25, 30, 43, 47, 12]
2021/9/10	Friday	[19, 24, 26, 35, 36, 41, 39]
2021/9/9	Thursday	[8, 10, 15, 20, 25, 30, 19]
2021/9/8	Wednesday	[7, 10, 35, 39, 41, 42, 3]
2021/9/7	Tuesday	[4, 13, 19, 21, 23, 41, 20]
2021/9/6	Monday	[2, 13, 15, 25, 39, 42, 47]
2021/9/5	Sunday	[1, 10, 37, 38, 39, 44, 17]
2021/9/4	Saturday	[14, 16, 17, 35, 39, 49, 4]
2021/9/3	Friday	[2, 4, 18, 26, 38, 46, 24]
2021/9/2	Thursday	[3, 6, 9, 15, 40, 41, 45]
2021/9/1	Wednesday	[3, 17, 26, 31, 34, 38, 1]
2021/8/31	Tuesday	[4, 24, 25, 29, 43, 48, 45]
2021/8/30	Monday	[7, 20, 21, 26, 40, 45, 43]
2021/8/29	Sunday	[3, 9, 32, 39, 45, 47, 27]
2021/8/28	Saturday	[11, 24, 29, 35, 36, 40, 17]
2021/8/27	Friday	[10, 12, 13, 14, 33, 38, 19]
2021/8/26	Thursday	[3, 11, 25, 31, 36, 49, 17]
2021/8/25	Wednesday	[2, 8, 11, 15, 17, 22, 31]
2021/8/24	Tuesday	[4, 6, 13, 36, 42, 44, 46]
2021/8/23	Monday	[4, 8, 18, 33, 34, 37, 19]
2021/8/22	Sunday	[5, 7, 18, 35, 41, 42, 37]
2021/8/21	Saturday	[6, 13, 19, 24, 34, 39, 32]
2021/8/20	Friday	[5, 9, 12, 34, 35, 41, 48]
2021/8/19	Thursday	[15, 19, 20, 28, 31, 46, 17]
2021/8/18	Wednesday	[5, 14, 27, 29, 32, 35, 30]
2021/8/17	Tuesday	[3, 4, 8, 19, 39, 46, 45]
2021/8/16	Monday	[1, 2, 5, 31, 35, 41, 20]
2021/8/15	Sunday	[4, 19, 21, 40, 41, 44, 20]
2021/8/15	Sunday	[4, 19, 21, 40, 41, 44, 20]
2021/8/14	Saturday	[11, 15, 22, 39, 42, 49, 41]
2021/8/14	Saturday	[11, 15, 22, 39, 42, 49, 41]
2021/8/13	Friday	[17, 18, 21, 40, 42, 47, 10]
2021/8/13	Friday	[17, 18, 21, 40, 42, 47, 10]
2021/8/12	Thursday	[5, 9, 14, 22, 34, 45, 18]
2021/8/12	Thursday	[5, 9, 14, 22, 34, 45, 18]
2021/8/11	Wednesday	[6, 9, 18, 26, 37, 49, 48]
2021/8/11	Wednesday	[6, 9, 18, 26, 37, 49, 48]
2021/8/10	Tuesday	[3, 4, 14, 21, 27, 32, 12]
2021/8/10	Tuesday	[3, 4, 14, 21, 27, 32, 12]
2021/8/9	Monday	[19, 24, 27, 28, 36, 48, 13]
2021/8/9	Monday	[19, 24, 27, 28, 36, 48, 13]
2021/8/8	Sunday	[9, 11, 18, 25, 36, 38, 45]
2021/8/8	Sunday	[9, 11, 18, 25, 36, 38, 45]
2021/8/7	Saturday	[20, 21, 24, 42, 48, 49, 4]
2021/8/7	Saturday	[20, 21, 24, 42, 48, 49, 4]
2021/8/6	Friday	[1, 5, 10, 22, 28, 42, 40]
2021/8/6	Friday	[1, 5, 10, 22, 28, 42, 40]
2021/8/5	Thursday	[1, 18, 25, 41, 46, 47, 31]
2021/8/5	Thursday	[1, 18, 25, 41, 46, 47, 31]
2021/8/4	Wednesday	[3, 7, 26, 27, 35, 49, 39]
2021/8/4	Wednesday	[3, 7, 26, 27, 35, 49, 39]
2021/8/3	Tuesday	[13, 14, 23, 34, 38, 45, 39]
2021/8/3	Tuesday	[13, 14, 23, 34, 38, 45, 39]
2021/8/2	Monday	[10, 13, 27, 33, 36, 41, 15]
2021/8/2	Monday	[10, 13, 27, 33, 36, 41, 15]
2021/8/1	Sunday	[7, 20, 27, 28, 29, 31, 8]
2021/8/1	Sunday	[7, 20, 27, 28, 29, 31, 8]
2021/7/31	Saturday	[16, 25, 38, 39, 40, 45, 49]
2021/7/31	Saturday	[16, 25, 38, 39, 40, 45, 49]
2021/7/30	Friday	[25, 30, 38, 43, 44, 47, 49]
2021/7/30	Friday	[25, 30, 38, 43, 44, 47, 49]
2021/7/29	Thursday	[1, 6, 11, 41, 44, 49, 15]
2021/7/29	Thursday	[1, 6, 11, 41, 44, 49, 15]
2021/7/28	Wednesday	[5, 19, 23, 31, 36, 41, 20]
2021/7/28	Wednesday	[5, 19, 23, 31, 36, 41, 20]
2021/7/27	Tuesday	[15, 20, 28, 32, 42, 45, 31]
2021/7/27	Tuesday	[15, 20, 28, 32, 42, 45, 31]
2021/7/26	Monday	[3, 15, 35, 36, 40, 46, 16]
2021/7/26	Monday	[3, 15, 35, 36, 40, 46, 16]
2021/7/25	Sunday	[6, 7, 12, 20, 22, 45, 38]
2021/7/25	Sunday	[6, 7, 12, 20, 22, 45, 38]
2021/7/24	Saturday	[12, 16, 26, 35, 44, 49, 47]
2021/7/24	Saturday	[12, 16, 26, 35, 44, 49, 47]
2021/7/23	Friday	[7, 11, 21, 36, 38, 45, 27]
2021/7/23	Friday	[7, 11, 21, 36, 38, 45, 27]
2021/7/22	Thursday	[10, 13, 16, 19, 40, 49, 46]
2021/7/22	Thursday	[10, 13, 16, 19, 40, 49, 46]
2021/7/21	Wednesday	[6, 14, 25, 28, 29, 45, 22]
2021/7/21	Wednesday	[6, 14, 25, 28, 29, 45, 22]
2021/7/20	Tuesday	[11, 14, 28, 33, 39, 48, 35]
2021/7/20	Tuesday	[11, 14, 28, 33, 39, 48, 35]
2021/7/19	Monday	[10, 16, 23, 26, 37, 39, 41]
2021/7/19	Monday	[10, 16, 23, 26, 37, 39, 41]
2021/7/18	Sunday	[11, 15, 24, 31, 34, 44, 14]
2021/7/18	Sunday	[11, 15, 24, 31, 34, 44, 14]
2021/7/17	Saturday	[3, 12, 13, 20, 21, 24, 31]
2021/7/17	Saturday	[3, 12, 13, 20, 21, 24, 31]
2021/7/16	Friday	[1, 6, 12, 16, 19, 25, 49]
2021/7/16	Friday	[1, 6, 12, 16, 19, 25, 49]
2021/7/15	Thursday	[2, 17, 18, 19, 44, 49, 7]
2021/7/15	Thursday	[2, 17, 18, 19, 44, 49, 7]
2021/7/14	Wednesday	[18, 29, 39, 42, 45, 48, 5]
2021/7/14	Wednesday	[18, 29, 39, 42, 45, 48, 5]
2021/7/13	Tuesday	[14, 21, 23, 26, 33, 42, 39]
2021/7/13	Tuesday	[14, 21, 23, 26, 33, 42, 39]
2021/7/12	Monday	[5, 23, 32, 38, 41, 47, 45]
2021/7/12	Monday	[5, 23, 32, 38, 41, 47, 45]
2021/7/11	Sunday	[2, 3, 10, 13, 22, 30, 40]
2021/7/11	Sunday	[2, 3, 10, 13, 22, 30, 40]
2021/7/10	Saturday	[2, 17, 22, 26, 40, 42, 1]
2021/7/10	Saturday	[2, 17, 22, 26, 40, 42, 1]
2021/7/9	Friday	[2, 4, 8, 25, 27, 28, 5]
2021/7/9	Friday	[2, 4, 8, 25, 27, 28, 5]
2021/7/8	Thursday	[2, 7, 16, 17, 18, 42, 33]
2021/7/8	Thursday	[2, 7, 16, 17, 18, 42, 33]
2021/7/7	Wednesday	[2, 3, 6, 14, 36, 40, 39]
2021/7/7	Wednesday	[2, 3, 6, 14, 36, 40, 39]
2021/7/6	Tuesday	[24, 35, 40, 41, 45, 46, 16]
2021/7/6	Tuesday	[24, 35, 40, 41, 45, 46, 16]
2021/7/5	Monday	[7, 18, 20, 21, 27, 29, 11]
2021/7/5	Monday	[7, 18, 20, 21, 27, 29, 11]
2021/7/4	Sunday	[2, 13, 16, 32, 36, 42, 19]
2021/7/4	Sunday	[2, 13, 16, 32, 36, 42, 19]
2021/7/3	Saturday	[5, 12, 15, 29, 32, 34, 36]
2021/7/3	Saturday	[5, 12, 15, 29, 32, 34, 36]
2021/7/2	Friday	[2, 7, 19, 23, 34, 47, 30]
2021/7/2	Friday	[2, 7, 19, 23, 34, 47, 30]
2021/7/1	Thursday	[1, 16, 37, 41, 42, 49, 30]
2021/7/1	Thursday	[1, 16, 37, 41, 42, 49, 30]
2021/6/30	Wednesday	[4, 6, 33, 34, 36, 39, 13]
2021/6/30	Wednesday	[4, 6, 33, 34, 36, 39, 13]
2021/6/29	Tuesday	[3, 4, 21, 22, 24, 46, 7]
2021/6/29	Tuesday	[3, 4, 21, 22, 24, 46, 7]
2021/6/28	Monday	[5, 8, 10, 36, 39, 43, 41]
2021/6/28	Monday	[5, 8, 10, 36, 39, 43, 41]
2021/6/27	Sunday	[3, 13, 20, 21, 40, 46, 41]
2021/6/27	Sunday	[3, 13, 20, 21, 40, 46, 41]
2021/6/26	Saturday	[4, 23, 39, 44, 48, 49, 36]
2021/6/26	Saturday	[4, 23, 39, 44, 48, 49, 36]
2021/6/25	Friday	[6, 10, 19, 31, 41, 43, 34]
2021/6/25	Friday	[6, 10, 19, 31, 41, 43, 34]
2021/6/24	Thursday	[4, 21, 28, 31, 33, 40, 20]
2021/6/24	Thursday	[4, 21, 28, 31, 33, 40, 20]
2021/6/23	Wednesday	[7, 22, 24, 37, 44, 49, 1]
2021/6/23	Wednesday	[7, 22, 24, 37, 44, 49, 1]
2021/6/22	Tuesday	[19, 20, 37, 39, 41, 45, 10]
2021/6/22	Tuesday	[19, 20, 37, 39, 41, 45, 10]
2021/6/21	Monday	[2, 4, 17, 19, 22, 39, 11]
2021/6/21	Monday	[2, 4, 17, 19, 22, 39, 11]
2021/6/20	Sunday	[2, 4, 24, 33, 37, 46, 9]
2021/6/20	Sunday	[2, 4, 24, 33, 37, 46, 9]
2021/6/19	Saturday	[3, 11, 14, 16, 28, 41, 49]
2021/6/19	Saturday	[3, 11, 14, 16, 28, 41, 49]
2021/6/18	Friday	[3, 4, 10, 14, 41, 48, 31]
2021/6/18	Friday	[3, 4, 10, 14, 41, 48, 31]
2021/6/17	Thursday	[1, 4, 10, 22, 36, 42, 45]
2021/6/17	Thursday	[1, 4, 10, 22, 36, 42, 45]
2021/6/16	Wednesday	[5, 7, 12, 27, 31, 42, 45]
2021/6/16	Wednesday	[5, 7, 12, 27, 31, 42, 45]
2021/6/15	Tuesday	[10, 14, 19, 24, 25, 47, 17]
2021/6/15	Tuesday	[10, 14, 19, 24, 25, 47, 17]
2021/6/14	Monday	[3, 13, 15, 22, 33, 36, 30]
2021/6/14	Monday	[3, 13, 15, 22, 33, 36, 30]
2021/6/13	Sunday	[12, 19, 29, 34, 46, 48, 42]
2021/6/13	Sunday	[12, 19, 29, 34, 46, 48, 42]
2021/6/12	Saturday	[9, 17, 19, 28, 35, 48, 18]
2021/6/12	Saturday	[9, 17, 19, 28, 35, 48, 18]
2021/6/11	Friday	[8, 17, 23, 24, 29, 49, 9]
2021/6/11	Friday	[8, 17, 23, 24, 29, 49, 9]
2021/6/10	Thursday	[18, 22, 25, 32, 40, 49, 26]
2021/6/10	Thursday	[18, 22, 25, 32, 40, 49, 26]
2021/6/9	Wednesday	[29, 34, 39, 40, 46, 47, 12]
2021/6/9	Wednesday	[29, 34, 39, 40, 46, 47, 12]
2021/6/8	Tuesday	[17, 19, 39, 43, 47, 49, 30]
2021/6/8	Tuesday	[17, 19, 39, 43, 47, 49, 30]
2021/6/7	Monday	[4, 6, 14, 18, 34, 41, 7]
2021/6/7	Monday	[4, 6, 14, 18, 34, 41, 7]
2021/6/6	Sunday	[11, 12, 33, 35, 37, 46, 28]
2021/6/6	Sunday	[11, 12, 33, 35, 37, 46, 28]
2021/6/5	Saturday	[7, 10, 27, 29, 35, 45, 13]
2021/6/5	Saturday	[7, 10, 27, 29, 35, 45, 13]
2021/6/4	Friday	[16, 25, 26, 40, 43, 46, 41]
2021/6/4	Friday	[16, 25, 26, 40, 43, 46, 41]
2021/6/3	Thursday	[1, 7, 12, 22, 32, 37, 8]
2021/6/3	Thursday	[1, 7, 12, 22, 32, 37, 8]
2021/6/2	Wednesday	[20, 24, 25, 26, 31, 43, 28]
2021/6/2	Wednesday	[20, 24, 25, 26, 31, 43, 28]
2021/6/1	Tuesday	[6, 9, 11, 31, 39, 47, 25]
2021/6/1	Tuesday	[6, 9, 11, 31, 39, 47, 25]
2021/5/31	Monday	[4, 7, 12, 37, 38, 39, 48]
2021/5/31	Monday	[4, 7, 12, 37, 38, 39, 48]
2021/5/30	Sunday	[7, 29, 40, 43, 45, 49, 4]
2021/5/30	Sunday	[7, 29, 40, 43, 45, 49, 4]
2021/5/29	Saturday	[12, 29, 33, 36, 37, 46, 32]
2021/5/29	Saturday	[12, 29, 33, 36, 37, 46, 32]
2021/5/28	Friday	[2, 5, 7, 13, 37, 45, 16]
2021/5/28	Friday	[2, 5, 7, 13, 37, 45, 16]
2021/5/27	Thursday	[2, 7, 13, 16, 38, 46, 39]
2021/5/27	Thursday	[2, 7, 13, 16, 38, 46, 39]
2021/5/26	Wednesday	[8, 11, 12, 25, 28, 42, 16]
2021/5/26	Wednesday	[8, 11, 12, 25, 28, 42, 16]
2021/5/25	Tuesday	[1, 7, 9, 22, 31, 47, 26]
2021/5/25	Tuesday	[1, 7, 9, 22, 31, 47, 26]
2021/5/24	Monday	[15, 17, 24, 28, 33, 48, 37]
2021/5/24	Monday	[15, 17, 24, 28, 33, 48, 37]
2021/5/23	Sunday	[8, 11, 20, 34, 42, 46, 28]
2021/5/23	Sunday	[8, 11, 20, 34, 42, 46, 28]
2021/5/22	Saturday	[5, 30, 40, 44, 45, 47, 18]
2021/5/22	Saturday	[5, 30, 40, 44, 45, 47, 18]
2021/5/21	Friday	[6, 25, 32, 33, 35, 48, 38]
2021/5/21	Friday	[6, 25, 32, 33, 35, 48, 38]
2021/5/20	Thursday	[4, 14, 31, 32, 39, 48, 2]
2021/5/20	Thursday	[4, 14, 31, 32, 39, 48, 2]
2021/5/19	Wednesday	[4, 7, 31, 33, 34, 36, 14]
2021/5/19	Wednesday	[4, 7, 31, 33, 34, 36, 14]
2021/5/18	Tuesday	[1, 7, 8, 14, 41, 46, 30]
2021/5/18	Tuesday	[1, 7, 8, 14, 41, 46, 30]
2021/5/17	Monday	[11, 12, 23, 27, 42, 45, 19]
2021/5/17	Monday	[11, 12, 23, 27, 42, 45, 19]
2021/5/16	Sunday	[1, 16, 28, 34, 40, 47, 27]
2021/5/16	Sunday	[1, 16, 28, 34, 40, 47, 27]
2021/5/15	Saturday	[8, 12, 19, 20, 21, 32, 46]
2021/5/15	Saturday	[8, 12, 19, 20, 21, 32, 46]
2021/5/14	Friday	[20, 21, 34, 35, 37, 40, 29]
2021/5/14	Friday	[20, 21, 34, 35, 37, 40, 29]
2021/5/13	Thursday	[4, 8, 18, 39, 43, 45, 29]
2021/5/13	Thursday	[4, 8, 18, 39, 43, 45, 29]
2021/5/12	Wednesday	[4, 10, 26, 31, 46, 49, 27]
2021/5/12	Wednesday	[4, 10, 26, 31, 46, 49, 27]
2021/5/11	Tuesday	[16, 30, 31, 36, 41, 42, 4]
2021/5/11	Tuesday	[16, 30, 31, 36, 41, 42, 4]
2021/5/10	Monday	[2, 6, 9, 16, 25, 37, 15]
2021/5/10	Monday	[2, 6, 9, 16, 25, 37, 15]
2021/5/9	Sunday	[8, 13, 16, 18, 31, 32, 7]
2021/5/9	Sunday	[8, 13, 16, 18, 31, 32, 7]
2021/5/8	Saturday	[3, 12, 32, 34, 42, 48, 21]
2021/5/8	Saturday	[3, 12, 32, 34, 42, 48, 21]
2021/5/7	Friday	[13, 14, 27, 37, 38, 45, 34]
2021/5/7	Friday	[13, 14, 27, 37, 38, 45, 34]
2021/5/6	Thursday	[6, 11, 20, 28, 40, 45, 44]
2021/5/6	Thursday	[6, 11, 20, 28, 40, 45, 44]
2021/5/5	Wednesday	[1, 8, 12, 18, 42, 45, 13]
2021/5/5	Wednesday	[1, 8, 12, 18, 42, 45, 13]
2021/5/4	Tuesday	[4, 21, 29, 32, 33, 38, 47]
2021/5/4	Tuesday	[4, 21, 29, 32, 33, 38, 47]
2021/5/3	Monday	[1, 6, 8, 12, 14, 17, 43]
2021/5/3	Monday	[1, 6, 8, 12, 14, 17, 43]
2021/5/2	Sunday	[16, 34, 35, 40, 48, 49, 12]
2021/5/2	Sunday	[16, 34, 35, 40, 48, 49, 12]
2021/5/1	Saturday	[4, 27, 30, 32, 36, 46, 47]
2021/5/1	Saturday	[4, 27, 30, 32, 36, 46, 47]
2021/4/30	Friday	[9, 14, 15, 19, 46, 47, 20]
2021/4/30	Friday	[9, 14, 15, 19, 46, 47, 20]
2021/4/29	Thursday	[2, 16, 29, 31, 37, 49, 28]
2021/4/29	Thursday	[2, 16, 29, 31, 37, 49, 28]
2021/4/28	Wednesday	[4, 15, 17, 22, 43, 47, 13]
2021/4/28	Wednesday	[4, 15, 17, 22, 43, 47, 13]
2021/4/27	Tuesday	[1, 10, 29, 38, 39, 46, 27]
2021/4/27	Tuesday	[1, 10, 29, 38, 39, 46, 27]
2021/4/26	Monday	[16, 23, 25, 31, 48, 49, 6]
2021/4/26	Monday	[16, 23, 25, 31, 48, 49, 6]
2021/4/25	Sunday	[17, 19, 24, 25, 37, 42, 18]
2021/4/25	Sunday	[17, 19, 24, 25, 37, 42, 18]
2021/4/24	Saturday	[7, 11, 18, 32, 40, 44, 13]
2021/4/24	Saturday	[7, 11, 18, 32, 40, 44, 13]
2021/4/23	Friday	[2, 8, 16, 30, 39, 43, 20]
2021/4/23	Friday	[2, 8, 16, 30, 39, 43, 20]
2021/4/22	Thursday	[4, 5, 11, 15, 18, 40, 39]
2021/4/22	Thursday	[4, 5, 11, 15, 18, 40, 39]
2021/4/21	Wednesday	[1, 6, 7, 13, 24, 37, 47]
2021/4/21	Wednesday	[1, 6, 7, 13, 24, 37, 47]
2021/4/20	Tuesday	[2, 13, 18, 42, 46, 47, 14]
2021/4/20	Tuesday	[2, 13, 18, 42, 46, 47, 14]
2021/4/19	Monday	[5, 7, 11, 19, 22, 40, 25]
2021/4/19	Monday	[5, 7, 11, 19, 22, 40, 25]
2021/4/18	Sunday	[5, 16, 17, 22, 43, 47, 10]
2021/4/18	Sunday	[5, 16, 17, 22, 43, 47, 10]
2021/4/17	Saturday	[2, 9, 17, 21, 27, 42, 6]
2021/4/17	Saturday	[2, 9, 17, 21, 27, 42, 6]
2021/4/16	Friday	[7, 11, 22, 27, 35, 46, 21]
2021/4/16	Friday	[7, 11, 22, 27, 35, 46, 21]
2021/4/15	Thursday	[1, 7, 11, 22, 29, 33, 9]
2021/4/15	Thursday	[1, 7, 11, 22, 29, 33, 9]
2021/4/14	Wednesday	[18, 20, 31, 37, 38, 44, 43]
2021/4/14	Wednesday	[18, 20, 31, 37, 38, 44, 43]
2021/4/13	Tuesday	[25, 31, 37, 44, 46, 47, 49]
2021/4/13	Tuesday	[25, 31, 37, 44, 46, 47, 49]
2021/4/12	Monday	[16, 19, 27, 34, 44, 46, 17]
2021/4/12	Monday	[16, 19, 27, 34, 44, 46, 17]
2021/4/11	Sunday	[1, 2, 6, 15, 17, 25, 39]
2021/4/11	Sunday	[1, 2, 6, 15, 17, 25, 39]
2021/4/10	Saturday	[18, 20, 21, 27, 29, 47, 4]
2021/4/10	Saturday	[18, 20, 21, 27, 29, 47, 4]
2021/4/9	Friday	[1, 8, 12, 24, 26, 27, 34]
2021/4/9	Friday	[1, 8, 12, 24, 26, 27, 34]
2021/4/8	Thursday	[2, 6, 7, 22, 35, 41, 31]
2021/4/8	Thursday	[2, 6, 7, 22, 35, 41, 31]
2021/4/7	Wednesday	[24, 34, 36, 41, 43, 44, 48]
2021/4/7	Wednesday	[24, 34, 36, 41, 43, 44, 48]
2021/4/6	Tuesday	[9, 15, 22, 27, 29, 40, 25]
2021/4/6	Tuesday	[9, 15, 22, 27, 29, 40, 25]
2021/4/5	Monday	[26, 29, 37, 41, 43, 44, 3]
2021/4/5	Monday	[26, 29, 37, 41, 43, 44, 3]
2021/4/4	Sunday	[3, 13, 20, 32, 42, 44, 24]
2021/4/4	Sunday	[3, 13, 20, 32, 42, 44, 24]
2021/4/3	Saturday	[1, 4, 31, 33, 43, 45, 21]
2021/4/3	Saturday	[1, 4, 31, 33, 43, 45, 21]
2021/4/2	Friday	[1, 3, 5, 9, 25, 38, 43]
2021/4/2	Friday	[1, 3, 5, 9, 25, 38, 43]
2021/4/1	Thursday	[19, 32, 36, 37, 38, 49, 35]
2021/4/1	Thursday	[19, 32, 36, 37, 38, 49, 35]
2021/3/31	Wednesday	[2, 18, 25, 32, 37, 47, 45]
2021/3/31	Wednesday	[2, 18, 25, 32, 37, 47, 45]
2021/3/30	Tuesday	[11, 16, 24, 26, 39, 41, 25]
2021/3/30	Tuesday	[11, 16, 24, 26, 39, 41, 25]
2021/3/29	Monday	[3, 22, 24, 25, 30, 42, 49]
2021/3/29	Monday	[3, 22, 24, 25, 30, 42, 49]
2021/3/28	Sunday	[4, 8, 25, 30, 38, 47, 10]
2021/3/28	Sunday	[4, 8, 25, 30, 38, 47, 10]
2021/3/27	Saturday	[5, 8, 13, 24, 34, 49, 22]
2021/3/27	Saturday	[5, 8, 13, 24, 34, 49, 22]
2021/3/26	Friday	[20, 22, 24, 30, 32, 46, 49]
2021/3/26	Friday	[20, 22, 24, 30, 32, 46, 49]
2021/3/25	Thursday	[5, 6, 20, 21, 32, 40, 35]
2021/3/25	Thursday	[5, 6, 20, 21, 32, 40, 35]
2021/3/24	Wednesday	[2, 10, 12, 39, 41, 42, 6]
2021/3/24	Wednesday	[2, 10, 12, 39, 41, 42, 6]
2021/3/23	Tuesday	[18, 23, 29, 33, 41, 47, 5]
2021/3/23	Tuesday	[18, 23, 29, 33, 41, 47, 5]
2021/3/22	Monday	[6, 22, 23, 30, 42, 48, 44]
2021/3/22	Monday	[6, 22, 23, 30, 42, 48, 44]
2021/3/21	Sunday	[9, 14, 19, 25, 31, 35, 45]
2021/3/21	Sunday	[9, 14, 19, 25, 31, 35, 45]
2021/3/20	Saturday	[4, 10, 15, 34, 36, 39, 44]
2021/3/20	Saturday	[4, 10, 15, 34, 36, 39, 44]
2021/3/19	Friday	[1, 18, 25, 26, 30, 47, 5]
2021/3/19	Friday	[1, 18, 25, 26, 30, 47, 5]
2021/3/18	Thursday	[17, 22, 42, 43, 44, 49, 28]
2021/3/18	Thursday	[17, 22, 42, 43, 44, 49, 28]
2021/3/17	Wednesday	[8, 17, 20, 21, 22, 35, 33]
2021/3/17	Wednesday	[8, 17, 20, 21, 22, 35, 33]
2021/3/16	Tuesday	[5, 6, 11, 19, 32, 39, 25]
2021/3/15	Monday	[7, 16, 18, 31, 38, 43, 42]
2021/3/14	Sunday	[15, 37, 39, 40, 41, 47, 48]
2021/3/13	Saturday	[12, 13, 17, 21, 24, 38, 36]
2021/3/12	Friday	[8, 9, 18, 32, 33, 35, 41]
2021/3/11	Thursday	[2, 11, 14, 22, 40, 43, 9]
2021/3/10	Wednesday	[8, 13, 20, 23, 36, 48, 29]
2021/3/9	Tuesday	[4, 20, 24, 25, 36, 38, 22]
2021/3/8	Monday	[6, 7, 22, 32, 33, 35, 11]
2021/3/7	Sunday	[8, 11, 12, 28, 35, 41, 17]
2021/3/6	Saturday	[4, 23, 36, 41, 42, 45, 17]
2021/3/5	Friday	[1, 3, 6, 35, 39, 43, 38]
2021/3/4	Thursday	[3, 11, 18, 24, 41, 48, 14]
2021/3/3	Wednesday	[1, 15, 22, 24, 27, 39, 37]
2021/3/2	Tuesday	[5, 8, 19, 25, 40, 45, 38]
2021/3/1	Monday	[10, 11, 33, 35, 43, 46, 1]
2021/2/28	Sunday	[9, 17, 22, 28, 42, 49, 7]
2021/2/27	Saturday	[5, 13, 27, 30, 37, 43, 19]
2021/2/26	Friday	[2, 9, 15, 27, 38, 45, 49]
2021/2/25	Thursday	[3, 18, 39, 45, 46, 49, 27]
2021/2/24	Wednesday	[1, 7, 12, 18, 29, 47, 15]
2021/2/23	Tuesday	[4, 6, 13, 15, 21, 37, 11]
2021/2/22	Monday	[16, 17, 19, 21, 32, 41, 36]
2021/2/21	Sunday	[7, 15, 25, 39, 42, 45, 43]
2021/2/20	Saturday	[2, 11, 18, 23, 27, 33, 48]
2021/2/19	Friday	[3, 20, 34, 38, 41, 46, 32]
2021/2/18	Thursday	[3, 9, 20, 27, 37, 42, 34]
2021/2/17	Wednesday	[11, 18, 19, 40, 46, 49, 31]
2021/2/16	Tuesday	[14, 22, 31, 45, 48, 49, 26]
2021/2/15	Monday	[2, 3, 4, 12, 25, 40, 32]
2021/2/14	Sunday	[17, 22, 30, 32, 36, 49, 39]
2021/2/13	Saturday	[1, 17, 18, 23, 31, 45, 12]
2021/2/12	Friday	[6, 13, 14, 17, 28, 48, 12]
2021/2/11	Thursday	[12, 23, 24, 40, 42, 44, 3]
2021/2/10	Wednesday	[5, 12, 26, 43, 44, 48, 49]
2021/2/9	Tuesday	[5, 18, 21, 26, 32, 35, 24]
2021/2/8	Monday	[8, 12, 14, 17, 31, 47, 48]
2021/2/7	Sunday	[14, 24, 30, 39, 43, 45, 33]
2021/2/6	Saturday	[1, 12, 21, 30, 34, 43, 2]
2021/2/5	Friday	[7, 19, 26, 29, 34, 37, 39]
2021/2/4	Thursday	[6, 15, 31, 45, 47, 48, 42]
2021/2/3	Wednesday	[1, 17, 19, 22, 40, 41, 18]
2021/2/2	Tuesday	[18, 20, 27, 36, 40, 49, 47]
2021/2/1	Monday	[1, 17, 20, 22, 25, 26, 48]
2021/1/31	Sunday	[1, 6, 12, 13, 24, 33, 16]
2021/1/30	Saturday	[2, 3, 5, 13, 30, 38, 15]
2021/1/29	Friday	[12, 33, 41, 43, 45, 46, 48]
2021/1/28	Thursday	[8, 25, 35, 42, 45, 49, 9]
2021/1/27	Wednesday	[10, 11, 12, 23, 38, 47, 40]
2021/1/26	Tuesday	[7, 14, 24, 30, 31, 44, 12]
2021/1/25	Monday	[15, 17, 18, 24, 36, 45, 13]
2021/1/24	Sunday	[6, 12, 16, 26, 43, 49, 8]
2021/1/23	Saturday	[6, 7, 8, 9, 14, 29, 3]
2021/1/22	Friday	[8, 9, 10, 13, 34, 47, 19]
2021/1/21	Thursday	[2, 7, 9, 23, 46, 47, 27]
2021/1/20	Wednesday	[8, 12, 15, 31, 42, 44, 10]
2021/1/19	Tuesday	[2, 15, 20, 27, 28, 47, 23]
2021/1/18	Monday	[9, 23, 25, 29, 35, 47, 22]
2021/1/17	Sunday	[2, 16, 26, 28, 39, 45, 36]
2021/1/16	Saturday	[3, 7, 17, 20, 30, 35, 15]
2021/1/15	Friday	[2, 6, 22, 24, 39, 45, 27]
2021/1/14	Thursday	[3, 10, 22, 29, 31, 44, 19]
2021/1/13	Wednesday	[9, 12, 19, 25, 46, 48, 29]
2021/1/12	Tuesday	[13, 28, 29, 31, 32, 41, 9]
2021/1/11	Monday	[6, 23, 26, 32, 33, 49, 16]
2021/1/10	Sunday	[1, 11, 16, 28, 39, 44, 42]
2021/1/9	Saturday	[3, 4, 7, 9, 20, 32, 1]
2021/1/8	Friday	[4, 7, 20, 44, 45, 46, 6]
2021/1/7	Thursday	[6, 8, 12, 26, 37, 47, 38]
2021/1/6	Wednesday	[11, 16, 22, 26, 30, 40, 13]
2021/1/5	Tuesday	[15, 17, 19, 23, 35, 45, 11]
2021/1/4	Monday	[1, 3, 11, 17, 24, 28, 14]
2021/1/3	Sunday	[4, 15, 21, 25, 30, 39, 22]
2021/1/2	Saturday	[2, 4, 17, 26, 31, 37, 15]
2021/1/1	Friday	[12, 26, 31, 34, 42, 44, 19]
