Date	Day	result
1998/12/31	Thursday	[2, 6, 17, 30, 45, 48]
1998/12/30	Wednesday	[6, 7, 13, 14, 20, 30]
1998/12/29	Tuesday	[1, 12, 33, 40, 46, 49]
1998/12/28	Monday	[9, 11, 27, 35, 48, 49]
1998/12/26	Saturday	[12, 16, 36, 37, 41, 44]
1998/12/22	Tuesday	[14, 23, 27, 29, 43, 49]
1998/12/21	Monday	[7, 15, 27, 30, 41, 45]
1998/12/19	Saturday	[15, 16, 26, 34, 39, 40]
1998/12/18	Friday	[12, 28, 32, 37, 42, 49]
1998/12/17	Thursday	[6, 13, 18, 41, 43, 44]
1998/12/16	Wednesday	[4, 10, 26, 30, 34, 35]
1998/12/15	Tuesday	[5, 28, 29, 30, 31, 46]
1998/12/14	Monday	[3, 18, 20, 27, 31, 45]
1998/12/12	Saturday	[12, 19, 29, 40, 42, 49]
1998/12/11	Friday	[16, 26, 30, 31, 38, 41]
1998/12/10	Thursday	[6, 8, 11, 19, 27, 30]
1998/12/9	Wednesday	[1, 8, 22, 32, 34, 39]
1998/12/8	Tuesday	[1, 9, 19, 30, 33, 43]
1998/12/7	Monday	[6, 7, 8, 30, 31, 36]
1998/12/5	Saturday	[1, 3, 4, 5, 14, 36]
1998/12/4	Friday	[6, 34, 35, 40, 44, 46]
1998/12/3	Thursday	[15, 18, 19, 25, 32, 44]
1998/12/2	Wednesday	[5, 12, 16, 19, 28, 41]
1998/12/1	Tuesday	[14, 22, 26, 34, 36, 45]
1998/11/30	Monday	[18, 25, 28, 32, 38, 39]
1998/11/28	Saturday	[10, 16, 19, 20, 45, 49]
1998/11/27	Friday	[7, 12, 14, 15, 35, 46]
1998/11/26	Thursday	[3, 18, 22, 32, 35, 47]
1998/11/25	Wednesday	[1, 2, 3, 12, 47, 48]
1998/11/24	Tuesday	[18, 21, 34, 38, 39, 44]
1998/11/23	Monday	[4, 8, 11, 15, 19, 47]
1998/11/21	Saturday	[12, 20, 33, 35, 39, 41]
1998/11/20	Friday	[3, 10, 12, 23, 24, 27]
1998/11/19	Thursday	[14, 18, 25, 31, 34, 43]
1998/11/18	Wednesday	[1, 8, 14, 32, 38, 49]
1998/11/17	Tuesday	[6, 10, 15, 37, 38, 46]
1998/11/16	Monday	[5, 7, 9, 26, 34, 37]
1998/11/15	Sunday	[1, 2, 6, 20, 33, 45]
1998/11/14	Saturday	[8, 36, 39, 40, 47, 48]
1998/11/13	Friday	[11, 18, 22, 24, 26, 27]
1998/11/12	Thursday	[15, 24, 27, 28, 30, 49]
1998/11/11	Wednesday	[5, 7, 15, 19, 36, 47]
1998/11/10	Tuesday	[1, 6, 16, 17, 41, 47]
1998/11/9	Monday	[4, 16, 17, 27, 28, 45]
1998/11/7	Saturday	[3, 5, 11, 30, 37, 46]
1998/11/6	Friday	[4, 12, 15, 23, 30, 39]
1998/11/5	Thursday	[7, 22, 23, 38, 40, 44]
1998/11/4	Wednesday	[5, 14, 33, 35, 38, 48]
1998/11/3	Tuesday	[8, 23, 29, 32, 39, 47]
1998/11/2	Monday	[1, 2, 6, 8, 15, 28]
1998/10/31	Saturday	[6, 14, 16, 18, 21, 27]
1998/10/30	Friday	[6, 22, 36, 38, 45, 46]
1998/10/29	Thursday	[3, 19, 26, 27, 34, 41]
1998/10/28	Wednesday	[12, 17, 19, 25, 32, 43]
1998/10/27	Tuesday	[5, 10, 18, 24, 31, 37]
1998/10/26	Monday	[10, 20, 24, 33, 43, 48]
1998/10/25	Sunday	[6, 15, 26, 32, 34, 35]
1998/10/25	Sunday	[2, 18, 21, 25, 29, 40]
1998/10/24	Saturday	[14, 16, 22, 33, 44, 46]
1998/10/24	Saturday	[5, 18, 29, 38, 40, 41]
1998/10/23	Friday	[18, 20, 22, 23, 29, 43]
1998/10/23	Friday	[11, 14, 16, 19, 24, 48]
1998/10/22	Thursday	[13, 17, 24, 31, 37, 47]
1998/10/22	Thursday	[5, 9, 27, 30, 38, 40]
1998/10/21	Wednesday	[5, 10, 16, 21, 30, 31]
1998/10/21	Wednesday	[1, 9, 12, 19, 47, 49]
1998/10/20	Tuesday	[11, 13, 20, 22, 24, 35]
1998/10/20	Tuesday	[16, 25, 27, 37, 42, 44]
1998/10/19	Monday	[4, 9, 22, 31, 40, 46]
1998/10/19	Monday	[1, 6, 12, 16, 30, 36]
1998/10/17	Saturday	[3, 13, 17, 20, 26, 28]
1998/10/17	Saturday	[1, 22, 26, 31, 41, 42]
1998/10/16	Friday	[20, 23, 25, 28, 29, 49]
1998/10/16	Friday	[13, 18, 31, 35, 42, 44]
1998/10/15	Thursday	[8, 11, 14, 40, 45, 47]
1998/10/15	Thursday	[8, 18, 23, 33, 36, 49]
1998/10/14	Wednesday	[2, 4, 19, 22, 39, 45]
1998/10/14	Wednesday	[6, 10, 21, 28, 31, 39]
1998/10/13	Tuesday	[8, 9, 14, 17, 32, 48]
1998/10/13	Tuesday	[3, 15, 17, 22, 37, 47]
1998/10/12	Monday	[3, 6, 10, 35, 37, 44]
1998/10/12	Monday	[9, 16, 20, 33, 34, 44]
1998/10/10	Saturday	[6, 22, 23, 25, 41, 48]
1998/10/10	Saturday	[1, 3, 4, 24, 37, 47]
1998/10/9	Friday	[6, 18, 19, 27, 30, 36]
1998/10/9	Friday	[2, 25, 32, 42, 43, 47]
1998/10/8	Thursday	[18, 27, 28, 35, 47, 48]
1998/10/8	Thursday	[19, 22, 26, 41, 47, 48]
1998/10/7	Wednesday	[24, 27, 29, 37, 43, 49]
1998/10/7	Wednesday	[3, 11, 28, 37, 44, 48]
1998/10/6	Tuesday	[5, 25, 28, 29, 38, 41]
1998/10/6	Tuesday	[1, 5, 26, 31, 35, 39]
1998/10/5	Monday	[2, 9, 13, 33, 36, 47]
1998/10/5	Monday	[2, 15, 19, 22, 26, 34]
1998/10/4	Sunday	[8, 13, 26, 35, 43, 47]
1998/10/4	Sunday	[6, 11, 15, 22, 33, 42]
1998/10/3	Saturday	[2, 16, 43, 45, 46, 47]
1998/10/3	Saturday	[6, 28, 29, 31, 36, 46]
1998/10/2	Friday	[1, 7, 19, 27, 36, 40]
1998/10/2	Friday	[6, 16, 23, 27, 39, 47]
1998/10/1	Thursday	[2, 3, 15, 21, 25, 26]
1998/10/1	Thursday	[5, 20, 31, 33, 37, 40]
1998/9/30	Wednesday	[2, 15, 16, 24, 27, 28]
1998/9/30	Wednesday	[6, 24, 26, 30, 32, 46]
1998/9/29	Tuesday	[5, 20, 24, 31, 46, 47]
1998/9/29	Tuesday	[8, 12, 28, 32, 40, 45]
1998/9/28	Monday	[10, 18, 26, 37, 39, 44]
1998/9/28	Monday	[17, 19, 35, 37, 39, 44]
1998/9/27	Sunday	[8, 16, 17, 23, 29, 44]
1998/9/27	Sunday	[6, 30, 31, 33, 45, 49]
1998/9/26	Saturday	[2, 4, 7, 25, 33, 37]
1998/9/26	Saturday	[2, 12, 20, 31, 45, 46]
1998/9/25	Friday	[11, 19, 35, 37, 39, 41]
1998/9/25	Friday	[11, 12, 32, 38, 44, 47]
1998/9/24	Thursday	[1, 2, 21, 22, 27, 32]
1998/9/24	Thursday	[28, 29, 30, 31, 33, 40]
1998/9/23	Wednesday	[2, 4, 10, 20, 35, 37]
1998/9/23	Wednesday	[13, 17, 22, 26, 29, 43]
1998/9/22	Tuesday	[2, 3, 6, 21, 35, 36]
1998/9/22	Tuesday	[15, 25, 30, 35, 38, 43]
1998/9/21	Monday	[13, 15, 22, 34, 47, 49]
1998/9/21	Monday	[4, 12, 17, 18, 23, 28]
1998/9/19	Saturday	[5, 15, 32, 33, 40, 44]
1998/9/19	Saturday	[2, 5, 6, 13, 24, 42]
1998/9/18	Friday	[1, 16, 19, 38, 42, 45]
1998/9/18	Friday	[3, 5, 7, 16, 23, 43]
1998/9/17	Thursday	[21, 22, 26, 31, 47, 49]
1998/9/17	Thursday	[4, 5, 24, 25, 39, 49]
1998/9/16	Wednesday	[7, 12, 28, 33, 43, 46]
1998/9/16	Wednesday	[10, 12, 28, 37, 46, 47]
1998/9/15	Tuesday	[6, 30, 33, 34, 42, 49]
1998/9/15	Tuesday	[12, 18, 21, 43, 45, 48]
1998/9/14	Monday	[5, 32, 33, 37, 38, 41]
1998/9/14	Monday	[8, 15, 17, 27, 28, 31]
1998/9/12	Saturday	[17, 21, 27, 31, 35, 36]
1998/9/12	Saturday	[9, 12, 14, 21, 24, 30]
1998/9/11	Friday	[6, 12, 22, 28, 30, 35]
1998/9/11	Friday	[14, 22, 26, 30, 32, 38]
1998/9/10	Thursday	[6, 19, 21, 28, 34, 48]
1998/9/10	Thursday	[5, 25, 26, 28, 38, 39]
1998/9/9	Wednesday	[13, 14, 21, 24, 31, 41]
1998/9/9	Wednesday	[3, 9, 16, 23, 36, 45]
1998/9/8	Tuesday	[1, 6, 10, 16, 43, 47]
1998/9/8	Tuesday	[15, 20, 22, 28, 30, 35]
1998/9/7	Monday	[8, 13, 20, 31, 42, 47]
1998/9/7	Monday	[14, 27, 32, 37, 39, 44]
1998/9/5	Saturday	[16, 17, 20, 23, 25, 47]
1998/9/5	Saturday	[7, 19, 21, 33, 40, 41]
1998/9/4	Friday	[6, 8, 15, 29, 29, 32]
1998/9/4	Friday	[4, 9, 16, 26, 33, 37]
1998/9/3	Thursday	[23, 24, 26, 40, 45, 49]
1998/9/3	Thursday	[2, 9, 16, 23, 35, 39]
1998/9/2	Wednesday	[15, 16, 23, 31, 42, 43]
1998/9/2	Wednesday	[6, 14, 26, 32, 34, 36]
1998/9/1	Tuesday	[2, 12, 20, 26, 35, 47]
1998/9/1	Tuesday	[9, 14, 16, 21, 26, 48]
1998/8/31	Monday	[5, 13, 14, 29, 39, 41]
1998/8/31	Monday	[2, 15, 23, 24, 28, 48]
1998/8/29	Saturday	[19, 24, 27, 30, 34, 44]
1998/8/29	Saturday	[6, 11, 12, 18, 29, 45]
1998/8/29	Saturday	[9, 14, 23, 31, 33, 49]
1998/8/28	Friday	[3, 8, 14, 32, 38, 41]
1998/8/28	Friday	[28, 35, 42, 47, 48, 49]
1998/8/27	Thursday	[2, 9, 22, 24, 35, 43]
1998/8/27	Thursday	[4, 5, 11, 20, 24, 26]
1998/8/26	Wednesday	[2, 6, 7, 11, 38, 42]
1998/8/26	Wednesday	[6, 19, 28, 35, 42, 45]
1998/8/25	Tuesday	[11, 33, 38, 40, 46, 47]
1998/8/25	Tuesday	[5, 6, 27, 34, 37, 38]
1998/8/24	Monday	[5, 6, 12, 14, 19, 30]
1998/8/24	Monday	[1, 20, 24, 30, 35, 38]
1998/8/22	Saturday	[1, 32, 35, 42, 43, 47]
1998/8/22	Saturday	[2, 5, 25, 38, 45, 49]
1998/8/22	Saturday	[3, 17, 19, 25, 26, 45]
1998/8/21	Friday	[2, 8, 9, 18, 23, 24]
1998/8/21	Friday	[3, 33, 35, 39, 48, 49]
1998/8/20	Thursday	[1, 15, 23, 36, 41, 43]
1998/8/20	Thursday	[7, 11, 26, 33, 37, 38]
1998/8/19	Wednesday	[13, 15, 18, 28, 37, 48]
1998/8/19	Wednesday	[5, 7, 26, 34, 37, 43]
1998/8/19	Wednesday	[11, 12, 15, 16, 47, 49]
1998/8/18	Tuesday	[3, 5, 10, 26, 29, 36]
1998/8/18	Tuesday	[7, 14, 19, 26, 28, 29]
1998/8/17	Monday	[2, 4, 8, 18, 26, 39]
1998/8/17	Monday	[14, 15, 20, 26, 35, 40]
1998/8/16	Sunday	[17, 19, 20, 27, 32, 49]
1998/8/16	Sunday	[5, 14, 18, 28, 29, 40]
1998/8/15	Saturday	[5, 6, 20, 22, 23, 43]
1998/8/15	Saturday	[2, 3, 4, 11, 31, 37]
1998/8/14	Friday	[19, 20, 30, 35, 41, 46]
1998/8/14	Friday	[1, 3, 13, 21, 26, 34]
1998/8/14	Friday	[9, 19, 25, 30, 44, 45]
1998/8/13	Thursday	[8, 18, 31, 39, 40, 45]
1998/8/13	Thursday	[6, 8, 18, 34, 40, 46]
1998/8/12	Wednesday	[1, 4, 14, 16, 23, 49]
1998/8/12	Wednesday	[1, 17, 28, 30, 40, 41]
1998/8/12	Wednesday	[6, 16, 18, 27, 34, 38]
1998/8/11	Tuesday	[7, 17, 21, 30, 35, 47]
1998/8/11	Tuesday	[3, 5, 18, 33, 40, 43]
1998/8/10	Monday	[5, 6, 7, 8, 12, 46]
1998/8/10	Monday	[13, 18, 25, 37, 40, 43]
1998/8/10	Monday	[12, 37, 42, 43, 44, 49]
1998/8/9	Sunday	[10, 12, 17, 18, 38, 42]
1998/8/9	Sunday	[12, 15, 17, 21, 26, 43]
1998/8/8	Saturday	[9, 24, 28, 29, 31, 39]
1998/8/8	Saturday	[3, 23, 25, 27, 36, 42]
1998/8/7	Friday	[2, 13, 15, 31, 41, 47]
1998/8/7	Friday	[6, 26, 31, 39, 40, 44]
1998/8/7	Friday	[10, 15, 28, 38, 39, 43]
1998/8/6	Thursday	[1, 4, 11, 23, 34, 39]
1998/8/6	Thursday	[1, 7, 33, 44, 47, 48]
1998/8/5	Wednesday	[6, 20, 28, 33, 35, 45]
1998/8/5	Wednesday	[23, 31, 32, 33, 35, 47]
1998/8/5	Wednesday	[3, 14, 19, 32, 39, 48]
1998/8/4	Tuesday	[8, 10, 16, 33, 39, 42]
1998/8/4	Tuesday	[2, 11, 21, 32, 42, 44]
1998/8/3	Monday	[3, 8, 18, 32, 37, 42]
1998/8/3	Monday	[8, 14, 16, 20, 27, 29]
1998/8/3	Monday	[2, 10, 11, 22, 39, 44]
1998/8/2	Sunday	[2, 6, 8, 19, 30, 47]
1998/8/2	Sunday	[4, 5, 12, 21, 37, 40]
1998/8/1	Saturday	[15, 31, 35, 39, 40, 46]
1998/8/1	Saturday	[1, 6, 22, 25, 29, 37]
1998/8/1	Saturday	[5, 12, 18, 25, 37, 48]
1998/7/31	Friday	[2, 5, 17, 21, 23, 45]
1998/7/31	Friday	[1, 8, 23, 31, 35, 48]
1998/7/31	Friday	[2, 6, 7, 35, 37, 40]
1998/7/30	Thursday	[4, 8, 34, 35, 36, 49]
1998/7/30	Thursday	[2, 14, 15, 33, 41, 47]
1998/7/29	Wednesday	[1, 14, 20, 30, 40, 44]
1998/7/29	Wednesday	[7, 16, 20, 27, 31, 44]
1998/7/29	Wednesday	[4, 14, 15, 25, 36, 43]
1998/7/28	Tuesday	[8, 10, 12, 26, 33, 48]
1998/7/28	Tuesday	[15, 18, 26, 40, 44, 46]
1998/7/27	Monday	[18, 20, 23, 31, 46, 47]
1998/7/27	Monday	[1, 4, 18, 19, 32, 43]
1998/7/27	Monday	[2, 10, 16, 29, 31, 48]
1998/7/25	Saturday	[6, 13, 20, 23, 35, 40]
1998/7/25	Saturday	[5, 6, 15, 27, 29, 34]
1998/7/25	Saturday	[26, 29, 30, 33, 36, 46]
1998/7/24	Friday	[3, 13, 14, 22, 27, 34]
1998/7/24	Friday	[6, 20, 22, 23, 32, 33]
1998/7/24	Friday	[3, 29, 30, 43, 47, 48]
1998/7/23	Thursday	[8, 11, 20, 28, 43, 47]
1998/7/23	Thursday	[17, 18, 25, 29, 38, 42]
1998/7/22	Wednesday	[8, 11, 19, 26, 36, 37]
1998/7/22	Wednesday	[3, 7, 17, 37, 38, 39]
1998/7/22	Wednesday	[1, 7, 10, 13, 35, 44]
1998/7/21	Tuesday	[23, 29, 30, 31, 35, 49]
1998/7/21	Tuesday	[3, 12, 18, 19, 43, 48]
1998/7/20	Monday	[8, 11, 14, 25, 34, 39]
1998/7/20	Monday	[2, 12, 15, 18, 20, 32]
1998/7/20	Monday	[5, 19, 20, 21, 26, 43]
1998/7/18	Saturday	[6, 10, 21, 26, 34, 43]
1998/7/18	Saturday	[5, 7, 12, 24, 37, 42]
1998/7/18	Saturday	[5, 10, 28, 29, 40, 45]
1998/7/17	Friday	[1, 3, 18, 29, 37, 41]
1998/7/17	Friday	[20, 22, 25, 36, 38, 49]
1998/7/17	Friday	[21, 27, 29, 31, 35, 42]
1998/7/16	Thursday	[2, 16, 17, 20, 31, 35]
1998/7/16	Thursday	[1, 5, 24, 37, 41, 42]
1998/7/15	Wednesday	[14, 19, 30, 32, 34, 37]
1998/7/15	Wednesday	[2, 5, 7, 17, 34, 44]
1998/7/15	Wednesday	[6, 7, 11, 25, 35, 43]
1998/7/14	Tuesday	[1, 2, 16, 21, 22, 23]
1998/7/14	Tuesday	[8, 10, 33, 36, 48, 49]
1998/7/13	Monday	[6, 11, 16, 22, 29, 34]
1998/7/13	Monday	[5, 14, 23, 29, 41, 47]
1998/7/13	Monday	[7, 11, 16, 22, 24, 25]
1998/7/12	Sunday	[15, 20, 21, 22, 31, 41]
1998/7/12	Sunday	[10, 12, 24, 35, 39, 46]
1998/7/11	Saturday	[8, 10, 30, 31, 43, 47]
1998/7/11	Saturday	[7, 14, 17, 37, 44, 49]
1998/7/11	Saturday	[3, 8, 12, 18, 32, 34]
1998/7/10	Friday	[6, 8, 12, 20, 22, 44]
1998/7/10	Friday	[7, 8, 25, 30, 37, 49]
1998/7/10	Friday	[5, 15, 20, 21, 22, 34]
1998/7/9	Thursday	[21, 24, 33, 34, 41, 42]
1998/7/9	Thursday	[1, 10, 11, 14, 31, 39]
1998/7/8	Wednesday	[3, 18, 35, 39, 42, 44]
1998/7/8	Wednesday	[6, 36, 41, 44, 45, 49]
1998/7/8	Wednesday	[4, 8, 10, 17, 35, 47]
1998/7/7	Tuesday	[5, 19, 22, 32, 39, 46]
1998/7/7	Tuesday	[1, 3, 27, 28, 30, 40]
1998/7/6	Monday	[10, 11, 17, 29, 33, 43]
1998/7/6	Monday	[2, 31, 33, 40, 42, 45]
1998/7/6	Monday	[11, 23, 27, 36, 44, 48]
1998/7/4	Saturday	[8, 18, 21, 34, 45, 46]
1998/7/4	Saturday	[10, 12, 17, 21, 26, 38]
1998/7/4	Saturday	[13, 16, 36, 42, 44, 48]
1998/7/3	Friday	[1, 4, 29, 33, 37, 38]
1998/7/3	Friday	[3, 5, 7, 28, 33, 37]
1998/7/3	Friday	[7, 14, 28, 31, 32, 36]
1998/7/2	Thursday	[2, 6, 7, 31, 44, 46]
1998/7/2	Thursday	[7, 8, 13, 33, 41, 47]
1998/7/1	Wednesday	[2, 5, 7, 32, 41, 48]
1998/7/1	Wednesday	[3, 31, 35, 40, 43, 45]
1998/7/1	Wednesday	[9, 18, 20, 24, 30, 43]
1998/6/30	Tuesday	[2, 3, 18, 26, 41, 42]
1998/6/29	Monday	[3, 17, 25, 28, 35, 45]
1998/6/29	Monday	[17, 20, 24, 36, 40, 49]
1998/6/28	Sunday	[2, 4, 24, 33, 47, 49]
1998/6/27	Saturday	[8, 15, 17, 19, 41, 48]
1998/6/27	Saturday	[5, 10, 13, 36, 39, 49]
1998/6/26	Friday	[8, 19, 29, 31, 36, 43]
1998/6/26	Friday	[17, 22, 25, 28, 41, 46]
1998/6/25	Thursday	[31, 34, 35, 37, 40, 48]
1998/6/24	Wednesday	[13, 16, 30, 36, 45, 46]
1998/6/24	Wednesday	[12, 15, 18, 21, 40, 49]
1998/6/23	Tuesday	[1, 6, 24, 26, 40, 49]
1998/6/22	Monday	[3, 9, 33, 34, 46, 47]
1998/6/22	Monday	[5, 15, 30, 34, 37, 46]
1998/6/20	Saturday	[20, 31, 40, 42, 44, 49]
1998/6/20	Saturday	[10, 18, 21, 24, 36, 48]
1998/6/19	Friday	[14, 17, 19, 23, 34, 49]
1998/6/19	Friday	[7, 10, 15, 19, 28, 40]
1998/6/18	Thursday	[10, 12, 21, 32, 33, 37]
1998/6/17	Wednesday	[8, 28, 29, 36, 38, 40]
1998/6/17	Wednesday	[2, 5, 8, 20, 25, 32]
1998/6/16	Tuesday	[16, 20, 23, 24, 39, 47]
1998/6/15	Monday	[1, 6, 12, 30, 32, 33]
1998/6/15	Monday	[4, 17, 28, 34, 41, 47]
1998/6/13	Saturday	[1, 5, 6, 15, 35, 49]
1998/6/13	Saturday	[2, 5, 17, 20, 33, 46]
1998/6/12	Friday	[18, 29, 31, 32, 38, 42]
1998/6/12	Friday	[3, 14, 20, 33, 44, 47]
1998/6/11	Thursday	[10, 19, 29, 34, 36, 43]
1998/6/10	Wednesday	[1, 6, 10, 16, 30, 38]
1998/6/10	Wednesday	[6, 9, 16, 22, 30, 39]
1998/6/9	Tuesday	[4, 33, 38, 46, 48, 49]
1998/6/8	Monday	[5, 19, 25, 27, 33, 48]
1998/6/8	Monday	[3, 26, 27, 31, 37, 39]
1998/6/6	Saturday	[1, 15, 20, 23, 44, 47]
1998/6/6	Saturday	[12, 16, 19, 22, 34, 47]
1998/6/5	Friday	[4, 35, 38, 39, 40, 47]
1998/6/5	Friday	[2, 18, 22, 30, 39, 43]
1998/6/4	Thursday	[16, 35, 37, 39, 45, 46]
1998/6/3	Wednesday	[3, 9, 30, 32, 35, 40]
1998/6/3	Wednesday	[20, 23, 27, 30, 46, 48]
1998/6/2	Tuesday	[1, 14, 20, 22, 28, 47]
1998/6/1	Monday	[1, 3, 27, 32, 44, 48]
1998/6/1	Monday	[3, 10, 22, 32, 41, 43]
1998/5/30	Saturday	[7, 20, 23, 28, 39, 47]
1998/5/30	Saturday	[7, 15, 31, 35, 41, 46]
1998/5/29	Friday	[5, 9, 24, 27, 34, 40]
1998/5/29	Friday	[13, 19, 21, 24, 42, 45]
1998/5/28	Thursday	[14, 17, 23, 36, 38, 39]
1998/5/27	Wednesday	[6, 12, 19, 24, 43, 48]
1998/5/27	Wednesday	[3, 5, 11, 22, 34, 37]
1998/5/26	Tuesday	[2, 10, 15, 22, 43, 48]
1998/5/26	Tuesday	[3, 14, 16, 21, 33, 37]
1998/5/25	Monday	[9, 12, 16, 32, 33, 41]
1998/5/23	Saturday	[11, 17, 25, 27, 30, 48]
1998/5/23	Saturday	[4, 5, 8, 11, 18, 36]
1998/5/22	Friday	[3, 14, 16, 20, 26, 44]
1998/5/22	Friday	[3, 11, 15, 19, 43, 48]
1998/5/21	Thursday	[11, 17, 20, 28, 29, 38]
1998/5/20	Wednesday	[10, 13, 31, 37, 39, 44]
1998/5/20	Wednesday	[16, 26, 32, 34, 37, 41]
1998/5/19	Tuesday	[21, 28, 30, 37, 39, 44]
1998/5/18	Monday	[16, 18, 25, 34, 38, 47]
1998/5/18	Monday	[5, 22, 23, 39, 44, 47]
1998/5/17	Sunday	[7, 9, 28, 37, 43, 48]
1998/5/16	Saturday	[1, 5, 8, 16, 18, 41]
1998/5/15	Friday	[3, 13, 15, 27, 33, 35]
1998/5/15	Friday	[3, 6, 28, 32, 38, 45]
1998/5/14	Thursday	[3, 4, 9, 10, 22, 30]
1998/5/13	Wednesday	[7, 17, 22, 30, 33, 37]
1998/5/13	Wednesday	[14, 21, 23, 24, 35, 46]
1998/5/12	Tuesday	[2, 3, 14, 17, 39, 47]
1998/5/11	Monday	[7, 9, 13, 19, 25, 45]
1998/5/11	Monday	[1, 2, 8, 14, 40, 45]
1998/5/10	Sunday	[1, 2, 9, 29, 31, 37]
1998/5/9	Saturday	[16, 18, 32, 43, 44, 45]
1998/5/8	Friday	[5, 6, 8, 29, 36, 48]
1998/5/8	Friday	[25, 27, 28, 32, 44, 45]
1998/5/7	Thursday	[9, 11, 20, 36, 38, 45]
1998/5/6	Wednesday	[8, 11, 15, 24, 40, 45]
1998/5/6	Wednesday	[3, 4, 8, 15, 16, 49]
1998/5/5	Tuesday	[13, 19, 28, 41, 46, 49]
1998/5/4	Monday	[1, 18, 21, 22, 40, 48]
1998/5/3	Sunday	[2, 8, 9, 12, 45, 46]
1998/5/2	Saturday	[7, 9, 32, 33, 36, 48]
1998/5/1	Friday	[7, 17, 18, 22, 25, 31]
1998/5/1	Friday	[4, 19, 21, 30, 31, 41]
1998/4/30	Thursday	[2, 18, 25, 29, 30, 42]
1998/4/29	Wednesday	[2, 13, 15, 21, 47, 48]
1998/4/29	Wednesday	[8, 9, 16, 18, 33, 40]
1998/4/28	Tuesday	[1, 4, 26, 36, 38, 42]
1998/4/28	Tuesday	[13, 29, 32, 34, 36, 44]
1998/4/27	Monday	[1, 14, 36, 37, 44, 46]
1998/4/25	Saturday	[6, 16, 19, 21, 30, 43]
1998/4/25	Saturday	[3, 4, 25, 28, 29, 49]
1998/4/24	Friday	[12, 14, 17, 23, 38, 43]
1998/4/24	Friday	[12, 14, 33, 34, 42, 43]
1998/4/23	Thursday	[2, 8, 21, 30, 33, 36]
1998/4/22	Wednesday	[3, 13, 28, 45, 46, 48]
1998/4/21	Tuesday	[8, 17, 20, 39, 47, 48]
1998/4/20	Monday	[24, 30, 31, 36, 37, 49]
1998/4/18	Saturday	[9, 10, 41, 44, 45, 48]
1998/4/17	Friday	[8, 25, 40, 42, 45, 49]
1998/4/16	Thursday	[2, 7, 12, 14, 26, 30]
1998/4/15	Wednesday	[1, 5, 11, 36, 44, 47]
1998/4/14	Tuesday	[6, 7, 14, 15, 36, 47]
1998/4/13	Monday	[13, 34, 36, 38, 46, 48]
1998/4/11	Saturday	[15, 20, 35, 40, 41, 44]
1998/4/9	Thursday	[4, 5, 13, 24, 34, 47]
1998/4/8	Wednesday	[2, 25, 36, 39, 42, 49]
1998/4/7	Tuesday	[13, 16, 19, 24, 31, 49]
1998/4/6	Monday	[21, 23, 26, 28, 32, 39]
1998/4/4	Saturday	[7, 9, 20, 26, 42, 44]
1998/4/3	Friday	[19, 22, 24, 26, 40, 42]
1998/4/2	Thursday	[5, 8, 22, 29, 31, 37]
1998/4/1	Wednesday	[18, 21, 28, 37, 45, 46]
1998/3/31	Tuesday	[5, 8, 29, 31, 47, 49]
1998/3/30	Monday	[7, 15, 20, 21, 30, 43]
1998/3/28	Saturday	[9, 12, 19, 37, 44, 49]
1998/3/27	Friday	[4, 9, 10, 34, 40, 47]
1998/3/26	Thursday	[19, 29, 34, 35, 46, 49]
1998/3/25	Wednesday	[17, 18, 29, 38, 46, 48]
1998/3/24	Tuesday	[2, 3, 8, 16, 21, 28]
1998/3/23	Monday	[6, 8, 23, 38, 39, 48]
1998/3/21	Saturday	[7, 14, 15, 21, 31, 43]
1998/3/20	Friday	[5, 12, 22, 30, 42, 43]
1998/3/19	Thursday	[10, 23, 34, 37, 39, 44]
1998/3/18	Wednesday	[2, 7, 32, 36, 37, 38]
1998/3/17	Tuesday	[6, 8, 15, 19, 39, 45]
1998/3/16	Monday	[1, 11, 28, 37, 40, 42]
1998/3/14	Saturday	[3, 19, 22, 31, 33, 46]
1998/3/13	Friday	[9, 18, 23, 25, 27, 31]
1998/3/12	Thursday	[1, 9, 24, 31, 43, 44]
1998/3/11	Wednesday	[1, 15, 23, 25, 35, 47]
1998/3/10	Tuesday	[1, 5, 6, 19, 22, 35]
1998/3/9	Monday	[4, 17, 24, 33, 35, 47]
1998/3/7	Saturday	[17, 20, 25, 27, 39, 48]
1998/3/6	Friday	[7, 12, 16, 23, 26, 33]
1998/3/5	Thursday	[3, 13, 18, 28, 30, 33]
1998/3/4	Wednesday	[5, 14, 17, 19, 23, 36]
1998/3/3	Tuesday	[6, 14, 22, 27, 30, 31]
1998/3/2	Monday	[4, 8, 30, 33, 42, 43]
1998/2/28	Saturday	[13, 18, 27, 32, 41, 49]
1998/2/27	Friday	[10, 24, 25, 37, 42, 45]
1998/2/26	Thursday	[3, 9, 11, 34, 43, 46]
1998/2/25	Wednesday	[1, 19, 28, 40, 42, 47]
1998/2/24	Tuesday	[2, 8, 15, 20, 34, 48]
1998/2/23	Monday	[2, 21, 29, 42, 45, 49]
1998/2/21	Saturday	[5, 19, 20, 25, 41, 48]
1998/2/20	Friday	[3, 12, 16, 22, 27, 35]
1998/2/19	Thursday	[3, 7, 26, 31, 36, 39]
1998/2/18	Wednesday	[17, 19, 28, 42, 43, 48]
1998/2/17	Tuesday	[13, 16, 23, 26, 27, 46]
1998/2/16	Monday	[3, 7, 17, 27, 31, 38]
1998/2/14	Saturday	[29, 30, 31, 34, 42, 43]
1998/2/13	Friday	[18, 28, 30, 31, 46, 49]
1998/2/12	Thursday	[5, 6, 9, 12, 41, 42]
1998/2/11	Wednesday	[9, 12, 24, 26, 31, 45]
1998/2/10	Tuesday	[5, 9, 11, 17, 34, 48]
1998/2/9	Monday	[5, 10, 11, 12, 28, 29]
1998/2/7	Saturday	[6, 18, 20, 21, 23, 36]
1998/2/6	Friday	[2, 3, 10, 11, 14, 17]
1998/2/5	Thursday	[9, 18, 22, 31, 32, 47]
1998/2/4	Wednesday	[13, 20, 24, 37, 39, 48]
1998/2/3	Tuesday	[1, 16, 19, 20, 22, 32]
1998/2/2	Monday	[2, 5, 6, 11, 25, 43]
1998/1/31	Saturday	[6, 11, 27, 36, 38, 43]
1998/1/30	Friday	[6, 11, 14, 23, 38, 47]
1998/1/29	Thursday	[2, 12, 14, 21, 31, 45]
1998/1/28	Wednesday	[3, 8, 12, 34, 35, 39]
1998/1/27	Tuesday	[5, 6, 23, 30, 34, 46]
1998/1/26	Monday	[13, 14, 31, 32, 42, 46]
1998/1/24	Saturday	[7, 9, 34, 36, 40, 41]
1998/1/23	Friday	[14, 29, 30, 34, 43, 48]
1998/1/22	Thursday	[3, 23, 27, 29, 44, 46]
1998/1/21	Wednesday	[3, 18, 28, 45, 48, 49]
1998/1/20	Tuesday	[4, 8, 12, 20, 25, 34]
1998/1/19	Monday	[4, 8, 12, 25, 27, 42]
1998/1/17	Saturday	[19, 21, 22, 35, 36, 40]
1998/1/16	Friday	[12, 14, 36, 41, 42, 49]
1998/1/15	Thursday	[5, 19, 26, 28, 32, 34]
1998/1/14	Wednesday	[19, 21, 28, 30, 38, 48]
1998/1/13	Tuesday	[17, 22, 23, 37, 38, 45]
1998/1/12	Monday	[3, 20, 36, 45, 47, 48]
1998/1/10	Saturday	[1, 3, 8, 19, 44, 48]
1998/1/9	Friday	[5, 22, 27, 28, 44, 49]
1998/1/8	Thursday	[7, 11, 14, 25, 38, 46]
1998/1/7	Wednesday	[1, 10, 19, 28, 35, 40]
1998/1/6	Tuesday	[1, 7, 10, 24, 38, 47]
1998/1/5	Monday	[1, 8, 18, 29, 39, 44]
1998/1/3	Saturday	[11, 23, 24, 25, 28, 36]
1998/1/2	Friday	[9, 27, 28, 29, 39, 47]
1998/1/1	Thursday	[6, 7, 10, 15, 26, 29]
