Date	Day	result
2003/12/31	Wednesday	[1, 13, 22, 25, 38, 48, 6]
2003/12/30	Tuesday	[3, 8, 11, 31, 39, 47, 21]
2003/12/29	Monday	[1, 17, 22, 27, 42, 47, 5]
2003/12/28	Sunday	[7, 19, 31, 38, 39, 42, 45]
2003/12/27	Saturday	[17, 23, 29, 31, 46, 49, 44]
2003/12/26	Friday	[1, 4, 9, 24, 30, 33, 2]
2003/12/22	Monday	[1, 5, 18, 35, 41, 45, 37]
2003/12/21	Sunday	[9, 17, 18, 27, 32, 44, 11]
2003/12/20	Saturday	[6, 24, 25, 34, 44, 48, 5]
2003/12/19	Friday	[6, 12, 20, 22, 28, 44, 25]
2003/12/18	Thursday	[11, 13, 20, 21, 40, 43, 19]
2003/12/17	Wednesday	[5, 8, 33, 35, 46, 47, 22]
2003/12/16	Tuesday	[1, 8, 30, 35, 46, 47, 20]
2003/12/15	Monday	[15, 24, 26, 39, 40, 49, 44]
2003/12/14	Sunday	[2, 4, 20, 28, 32, 46, 14]
2003/12/13	Saturday	[1, 3, 8, 18, 38, 47, 2]
2003/12/12	Friday	[15, 17, 20, 21, 30, 37, 13]
2003/12/11	Thursday	[4, 12, 35, 44, 47, 49, 37]
2003/12/10	Wednesday	[4, 7, 15, 26, 35, 43, 2]
2003/12/9	Tuesday	[7, 12, 18, 40, 44, 48, 22]
2003/12/8	Monday	[16, 26, 33, 41, 44, 47, 38]
2003/12/7	Sunday	[5, 9, 10, 35, 37, 43, 36]
2003/12/6	Saturday	[1, 3, 4, 5, 13, 21, 43]
2003/12/5	Friday	[4, 27, 30, 32, 37, 44, 3]
2003/12/4	Thursday	[1, 12, 26, 27, 34, 41, 42]
2003/12/3	Wednesday	[9, 21, 26, 31, 41, 42, 11]
2003/12/2	Tuesday	[4, 12, 26, 29, 34, 39, 17]
2003/12/1	Monday	[4, 7, 19, 40, 46, 47, 43]
2003/11/30	Sunday	[7, 13, 16, 25, 27, 39, 2]
2003/11/29	Saturday	[1, 16, 18, 30, 42, 46, 48]
2003/11/28	Friday	[4, 14, 15, 22, 27, 40, 17]
2003/11/26	Wednesday	[27, 35, 37, 41, 46, 48, 42]
2003/11/25	Tuesday	[1, 7, 8, 17, 33, 34, 39]
2003/11/24	Monday	[9, 10, 16, 26, 32, 34, 12]
2003/11/23	Sunday	[4, 5, 9, 21, 30, 39, 6]
2003/11/22	Saturday	[9, 13, 16, 30, 43, 49, 48]
2003/11/21	Friday	[10, 15, 18, 39, 40, 45, 25]
2003/11/20	Thursday	[16, 25, 26, 30, 35, 45, 40]
2003/11/19	Wednesday	[4, 27, 32, 38, 40, 49, 46]
2003/11/18	Tuesday	[6, 9, 36, 37, 45, 48, 21]
2003/11/17	Monday	[3, 23, 34, 42, 44, 48, 38]
2003/11/16	Sunday	[13, 20, 35, 42, 43, 44, 28]
2003/11/15	Saturday	[15, 26, 27, 28, 37, 39, 6]
2003/11/14	Friday	[1, 10, 15, 25, 34, 47, 40]
2003/11/13	Thursday	[5, 6, 17, 31, 36, 47, 41]
2003/11/12	Wednesday	[3, 22, 35, 39, 41, 47, 9]
2003/11/11	Tuesday	[1, 8, 13, 17, 25, 48, 19]
2003/11/10	Monday	[16, 17, 34, 38, 42, 44, 20]
2003/11/9	Sunday	[2, 4, 8, 13, 28, 35, 31]
2003/11/8	Saturday	[4, 17, 26, 30, 34, 47, 13]
2003/11/7	Friday	[5, 6, 25, 27, 35, 48, 22]
2003/11/6	Thursday	[3, 11, 22, 31, 32, 41, 2]
2003/11/5	Wednesday	[7, 8, 10, 22, 32, 35, 31]
2003/11/4	Tuesday	[1, 3, 10, 35, 36, 48, 43]
2003/11/3	Monday	[1, 3, 18, 29, 33, 34, 4]
2003/11/2	Sunday	[9, 24, 33, 39, 41, 46, 38]
2003/11/1	Saturday	[13, 14, 20, 23, 24, 32, 8]
2003/10/31	Friday	[1, 2, 16, 24, 29, 36, 6]
2003/10/30	Thursday	[1, 2, 24, 25, 35, 45, 29]
2003/10/29	Wednesday	[1, 28, 29, 37, 40, 47, 33]
2003/10/28	Tuesday	[11, 16, 21, 27, 46, 49, 40]
2003/10/27	Monday	[5, 9, 10, 29, 37, 48, 3]
2003/10/26	Sunday	[4, 12, 13, 14, 30, 36, 45]
2003/10/25	Saturday	[3, 9, 16, 20, 26, 31, 36]
2003/10/24	Friday	[9, 15, 29, 36, 38, 40, 16]
2003/10/23	Thursday	[4, 23, 32, 42, 46, 48, 20]
2003/10/22	Wednesday	[7, 22, 34, 41, 46, 47, 3]
2003/10/21	Tuesday	[9, 14, 24, 34, 35, 46, 13]
2003/10/20	Monday	[5, 6, 11, 13, 22, 34, 33]
2003/10/19	Sunday	[3, 18, 20, 24, 37, 48, 12]
2003/10/18	Saturday	[3, 20, 23, 35, 42, 46, 37]
2003/10/17	Friday	[17, 19, 22, 25, 29, 47, 12]
2003/10/16	Thursday	[4, 18, 31, 35, 46, 48, 8]
2003/10/15	Wednesday	[7, 18, 29, 31, 45, 49, 15]
2003/10/14	Tuesday	[3, 24, 31, 39, 46, 48, 38]
2003/10/13	Monday	[2, 14, 26, 30, 33, 34, 40]
2003/10/12	Sunday	[10, 19, 26, 28, 34, 39, 9]
2003/10/11	Saturday	[4, 21, 23, 27, 37, 49, 33]
2003/10/10	Friday	[4, 9, 18, 32, 37, 40, 1]
2003/10/9	Thursday	[4, 6, 8, 11, 20, 46, 40]
2003/10/8	Wednesday	[14, 29, 30, 34, 36, 43, 33]
2003/10/7	Tuesday	[4, 9, 24, 33, 35, 37, 19]
2003/10/6	Monday	[1, 8, 34, 35, 37, 47, 2]
2003/10/5	Sunday	[2, 14, 20, 24, 27, 37, 5]
2003/10/4	Saturday	[1, 21, 32, 35, 36, 44, 27]
2003/10/3	Friday	[2, 14, 18, 20, 28, 48, 42]
2003/10/2	Thursday	[8, 20, 25, 37, 38, 42, 49]
2003/10/1	Wednesday	[12, 15, 21, 30, 38, 44, 26]
2003/9/30	Tuesday	[10, 12, 16, 23, 30, 47, 35]
2003/9/29	Monday	[5, 10, 18, 25, 35, 43, 11]
2003/9/28	Sunday	[2, 18, 21, 34, 39, 40, 32]
2003/9/27	Saturday	[9, 13, 18, 24, 41, 44, 34]
2003/9/26	Friday	[8, 21, 24, 29, 43, 45, 22]
2003/9/25	Thursday	[5, 6, 9, 18, 24, 37, 49]
2003/9/24	Wednesday	[2, 3, 5, 7, 31, 46, 10]
2003/9/23	Tuesday	[7, 8, 15, 29, 44, 48, 26]
2003/9/22	Monday	[10, 16, 38, 41, 48, 49, 46]
2003/9/21	Sunday	[3, 6, 10, 11, 16, 22, 48]
2003/9/20	Saturday	[19, 27, 30, 31, 33, 43, 3]
2003/9/19	Friday	[7, 12, 13, 15, 31, 33, 21]
2003/9/18	Thursday	[16, 20, 24, 32, 34, 41, 26]
2003/9/17	Wednesday	[9, 26, 30, 38, 44, 47, 25]
2003/9/16	Tuesday	[13, 16, 17, 34, 38, 48, 10]
2003/9/15	Monday	[22, 23, 30, 38, 39, 42, 4]
2003/9/14	Sunday	[1, 4, 21, 40, 41, 42, 39]
2003/9/13	Saturday	[9, 15, 19, 26, 45, 49, 14]
2003/9/12	Friday	[3, 15, 28, 33, 43, 44, 42]
2003/9/11	Thursday	[7, 14, 17, 18, 19, 44, 5]
2003/9/10	Wednesday	[14, 17, 31, 36, 37, 47, 20]
2003/9/9	Tuesday	[5, 9, 16, 31, 44, 49, 42]
2003/9/8	Monday	[2, 3, 8, 9, 18, 35, 43]
2003/9/7	Sunday	[1, 20, 25, 29, 41, 44, 24]
2003/9/6	Saturday	[1, 2, 13, 15, 33, 48, 37]
2003/9/5	Friday	[18, 25, 26, 28, 31, 41, 3]
2003/9/4	Thursday	[6, 9, 16, 20, 38, 40, 12]
2003/9/3	Wednesday	[1, 6, 16, 19, 32, 37, 43]
2003/9/2	Tuesday	[2, 3, 21, 33, 36, 47, 11]
2003/9/1	Monday	[3, 10, 11, 24, 36, 40, 31]
2003/8/31	Sunday	[1, 16, 20, 22, 42, 48, 25]
2003/8/30	Saturday	[3, 8, 9, 28, 47, 49, 19]
2003/8/29	Friday	[2, 10, 16, 19, 24, 42, 43]
2003/8/28	Thursday	[14, 16, 19, 29, 40, 43, 35]
2003/8/27	Wednesday	[18, 25, 33, 42, 48, 49, 1]
2003/8/26	Tuesday	[11, 18, 21, 28, 32, 46, 47]
2003/8/25	Monday	[2, 10, 18, 30, 38, 39, 45]
2003/8/24	Sunday	[4, 7, 16, 18, 34, 48, 49]
2003/8/23	Saturday	[9, 21, 27, 28, 31, 38, 24]
2003/8/22	Friday	[1, 17, 24, 28, 41, 48, 16]
2003/8/21	Thursday	[14, 25, 41, 44, 47, 49, 12]
2003/8/20	Wednesday	[10, 23, 26, 37, 45, 49, 6]
2003/8/19	Tuesday	[13, 19, 24, 25, 28, 42, 20]
2003/8/18	Monday	[3, 11, 19, 22, 36, 47, 6]
2003/8/17	Sunday	[8, 11, 18, 21, 27, 49, 36]
2003/8/16	Saturday	[6, 7, 11, 28, 44, 45, 48]
2003/8/15	Friday	[13, 25, 27, 29, 40, 44, 45]
2003/8/14	Thursday	[4, 8, 23, 26, 41, 47, 16]
2003/8/13	Wednesday	[3, 5, 6, 18, 26, 33, 9]
2003/8/12	Tuesday	[2, 5, 11, 13, 22, 45, 48]
2003/8/11	Monday	[1, 11, 18, 28, 29, 40, 26]
2003/8/10	Sunday	[3, 10, 19, 24, 36, 38, 30]
2003/8/9	Saturday	[16, 30, 32, 38, 41, 44, 22]
2003/8/8	Friday	[13, 26, 34, 37, 41, 44, 19]
2003/8/7	Thursday	[2, 3, 5, 23, 39, 41, 28]
2003/8/6	Wednesday	[24, 30, 31, 32, 39, 49, 2]
2003/8/5	Tuesday	[11, 14, 16, 25, 36, 40, 21]
2003/8/4	Monday	[2, 3, 19, 24, 29, 31, 35]
2003/8/3	Sunday	[2, 17, 29, 30, 32, 48, 4]
2003/8/2	Saturday	[5, 24, 32, 37, 39, 46, 14]
2003/8/1	Friday	[8, 20, 27, 29, 30, 39, 43]
2003/7/31	Thursday	[2, 17, 22, 23, 41, 49, 24]
2003/7/30	Wednesday	[2, 5, 6, 17, 19, 25, 4]
2003/7/29	Tuesday	[4, 21, 23, 25, 38, 49, 16]
2003/7/28	Monday	[8, 33, 39, 47, 48, 49, 18]
2003/7/27	Sunday	[4, 7, 9, 35, 47, 49, 6]
2003/7/26	Saturday	[2, 19, 28, 43, 44, 46, 40]
2003/7/25	Friday	[13, 20, 22, 24, 39, 49, 23]
2003/7/24	Thursday	[7, 14, 21, 26, 37, 48, 45]
2003/7/23	Wednesday	[3, 6, 31, 33, 39, 46, 13]
2003/7/22	Tuesday	[3, 4, 7, 23, 26, 40, 15]
2003/7/21	Monday	[3, 6, 14, 29, 31, 39, 43]
2003/7/20	Sunday	[13, 21, 24, 27, 31, 43, 36]
2003/7/19	Saturday	[2, 5, 14, 15, 30, 41, 33]
2003/7/18	Friday	[2, 4, 9, 12, 20, 36, 27]
2003/7/17	Thursday	[5, 13, 28, 39, 42, 45, 29]
2003/7/16	Wednesday	[3, 13, 34, 41, 47, 48, 12]
2003/7/15	Tuesday	[9, 16, 19, 27, 30, 32, 22]
2003/7/14	Monday	[9, 18, 20, 22, 29, 45, 40]
2003/7/13	Sunday	[1, 10, 21, 29, 38, 45, 25]
2003/7/12	Saturday	[3, 18, 19, 25, 26, 35, 21]
2003/7/11	Friday	[2, 10, 19, 34, 39, 46, 27]
2003/7/10	Thursday	[3, 4, 23, 28, 29, 31, 39]
2003/7/9	Wednesday	[6, 26, 29, 33, 46, 49, 42]
2003/7/8	Tuesday	[10, 21, 31, 37, 41, 42, 16]
2003/7/7	Monday	[10, 17, 21, 38, 44, 48, 28]
2003/7/6	Sunday	[20, 21, 23, 42, 45, 49, 5]
2003/7/5	Saturday	[2, 12, 29, 38, 45, 47, 20]
2003/7/4	Friday	[3, 18, 23, 31, 32, 41, 8]
2003/7/3	Thursday	[6, 9, 11, 32, 44, 47, 12]
2003/7/2	Wednesday	[3, 5, 13, 14, 16, 40, 48]
2003/7/1	Tuesday	[32, 36, 40, 41, 45, 47, 44]
2003/6/30	Monday	[2, 10, 15, 28, 30, 43, 6]
2003/6/29	Sunday	[1, 6, 19, 42, 48, 49, 44]
2003/6/28	Saturday	[16, 25, 42, 43, 46, 47, 19]
2003/6/27	Friday	[12, 13, 17, 23, 29, 40, 45]
2003/6/26	Thursday	[1, 2, 10, 33, 34, 36, 6]
2003/6/25	Wednesday	[12, 20, 22, 38, 44, 47, 19]
2003/6/24	Tuesday	[4, 8, 17, 20, 43, 45, 7]
2003/6/23	Monday	[10, 19, 21, 28, 30, 32, 42]
2003/6/22	Sunday	[7, 12, 18, 30, 38, 49, 48]
2003/6/21	Saturday	[2, 5, 19, 27, 34, 37, 20]
2003/6/20	Friday	[1, 6, 12, 23, 29, 31, 28]
2003/6/19	Thursday	[6, 8, 38, 45, 48, 49, 25]
2003/6/18	Wednesday	[2, 4, 11, 22, 29, 44, 30]
2003/6/17	Tuesday	[12, 21, 25, 28, 29, 44, 13]
2003/6/16	Monday	[7, 14, 19, 31, 36, 44, 27]
2003/6/15	Sunday	[3, 21, 33, 35, 45, 48, 37]
2003/6/14	Saturday	[7, 15, 24, 28, 41, 49, 27]
2003/6/13	Friday	[15, 16, 18, 26, 31, 34, 2]
2003/6/12	Thursday	[5, 9, 17, 32, 38, 46, 12]
2003/6/11	Wednesday	[1, 12, 24, 33, 41, 47, 37]
2003/6/10	Tuesday	[5, 9, 12, 20, 39, 41, 16]
2003/6/9	Monday	[5, 11, 19, 34, 40, 45, 38]
2003/6/8	Sunday	[4, 12, 21, 40, 41, 47, 22]
2003/6/7	Saturday	[14, 22, 26, 35, 37, 38, 45]
2003/6/6	Friday	[9, 14, 22, 28, 30, 46, 21]
2003/6/5	Thursday	[6, 10, 12, 23, 30, 39, 28]
2003/6/4	Wednesday	[18, 20, 23, 24, 29, 34, 42]
2003/6/3	Tuesday	[3, 15, 25, 33, 37, 43, 14]
2003/6/2	Monday	[15, 16, 21, 29, 32, 49, 35]
2003/6/1	Sunday	[1, 6, 9, 27, 32, 43, 8]
2003/5/31	Saturday	[13, 21, 35, 43, 45, 49, 20]
2003/5/30	Friday	[9, 10, 11, 26, 38, 40, 25]
2003/5/29	Thursday	[1, 5, 9, 10, 19, 35, 4]
2003/5/28	Wednesday	[1, 3, 11, 16, 32, 33, 34]
2003/5/27	Tuesday	[3, 9, 10, 17, 27, 36, 7]
2003/5/26	Monday	[1, 3, 24, 26, 41, 46, 9]
2003/5/25	Sunday	[9, 12, 26, 29, 35, 45, 17]
2003/5/24	Saturday	[5, 11, 13, 25, 42, 49, 8]
2003/5/23	Friday	[19, 20, 28, 31, 33, 47, 21]
2003/5/22	Thursday	[19, 25, 30, 39, 41, 47, 43]
2003/5/21	Wednesday	[5, 8, 18, 20, 27, 32, 37]
2003/5/20	Tuesday	[8, 10, 21, 25, 32, 44, 23]
2003/5/19	Monday	[2, 5, 17, 27, 35, 46, 36]
2003/5/18	Sunday	[2, 4, 5, 22, 28, 32, 9]
2003/5/17	Saturday	[3, 19, 31, 43, 44, 45, 7]
2003/5/16	Friday	[5, 17, 28, 35, 43, 48, 20]
2003/5/15	Thursday	[4, 8, 20, 31, 41, 44, 28]
2003/5/14	Wednesday	[13, 19, 21, 22, 38, 49, 36]
2003/5/13	Tuesday	[9, 11, 15, 29, 34, 37, 18]
2003/5/12	Monday	[24, 25, 32, 35, 41, 44, 16]
2003/5/11	Sunday	[10, 23, 24, 29, 30, 47, 28]
2003/5/10	Saturday	[3, 9, 12, 22, 32, 48, 26]
2003/5/9	Friday	[9, 11, 19, 32, 45, 48, 29]
2003/5/8	Thursday	[13, 19, 27, 36, 45, 46, 25]
2003/5/7	Wednesday	[3, 4, 9, 10, 11, 22, 5]
2003/5/6	Tuesday	[2, 7, 15, 17, 23, 37, 16]
2003/5/5	Monday	[4, 6, 7, 23, 32, 34, 48]
2003/5/4	Sunday	[28, 30, 34, 40, 45, 48, 38]
2003/5/3	Saturday	[8, 10, 15, 23, 27, 49, 9]
2003/5/2	Friday	[5, 13, 17, 25, 38, 41, 22]
2003/5/1	Thursday	[6, 11, 16, 19, 22, 29, 14]
2003/4/30	Wednesday	[8, 13, 15, 26, 30, 45, 7]
2003/4/29	Tuesday	[3, 7, 16, 18, 26, 29, 17]
2003/4/28	Monday	[9, 13, 15, 31, 38, 41, 27]
2003/4/27	Sunday	[10, 11, 14, 22, 30, 44, 5]
2003/4/26	Saturday	[2, 14, 25, 31, 45, 48, 34]
2003/4/25	Friday	[1, 11, 14, 17, 27, 29, 15]
2003/4/24	Thursday	[2, 7, 25, 27, 28, 47, 33]
2003/4/23	Wednesday	[3, 24, 33, 40, 42, 48, 4]
2003/4/22	Tuesday	[7, 8, 12, 25, 32, 34, 23]
2003/4/21	Monday	[10, 17, 24, 33, 46, 49, 19]
2003/4/20	Sunday	[2, 6, 9, 19, 27, 35, 26]
2003/4/19	Saturday	[4, 8, 17, 25, 39, 47, 21]
2003/4/17	Thursday	[9, 12, 16, 31, 33, 37, 40]
2003/4/16	Wednesday	[17, 23, 25, 36, 43, 49, 39]
2003/4/15	Tuesday	[3, 10, 21, 39, 43, 45, 5]
2003/4/14	Monday	[4, 6, 10, 21, 32, 42, 29]
2003/4/13	Sunday	[1, 6, 12, 15, 26, 33, 17]
2003/4/12	Saturday	[6, 22, 25, 27, 32, 47, 38]
2003/4/11	Friday	[15, 17, 25, 31, 39, 41, 22]
2003/4/10	Thursday	[6, 15, 21, 26, 35, 46, 40]
2003/4/9	Wednesday	[5, 8, 13, 16, 46, 47, 24]
2003/4/8	Tuesday	[14, 18, 27, 31, 33, 34, 37]
2003/4/7	Monday	[23, 25, 30, 31, 45, 46, 39]
2003/4/6	Sunday	[2, 6, 17, 25, 34, 49, 32]
2003/4/5	Saturday	[10, 13, 17, 40, 41, 43, 48]
2003/4/4	Friday	[4, 26, 39, 40, 41, 48, 35]
2003/4/3	Thursday	[1, 11, 16, 20, 22, 30, 24]
2003/4/2	Wednesday	[5, 11, 17, 27, 28, 48, 40]
2003/4/1	Tuesday	[3, 4, 6, 12, 16, 48, 17]
2003/3/31	Monday	[6, 8, 9, 21, 25, 45, 30]
2003/3/30	Sunday	[5, 13, 38, 40, 47, 48, 12]
2003/3/29	Saturday	[1, 14, 30, 32, 33, 37, 48]
2003/3/28	Friday	[3, 13, 17, 19, 25, 35, 16]
2003/3/27	Thursday	[5, 14, 17, 25, 43, 49, 27]
2003/3/26	Wednesday	[4, 5, 18, 22, 27, 48, 2]
2003/3/25	Tuesday	[21, 29, 33, 36, 41, 43, 49]
2003/3/24	Monday	[3, 9, 11, 17, 32, 34, 18]
2003/3/23	Sunday	[7, 10, 13, 20, 40, 41, 44]
2003/3/22	Saturday	[8, 21, 27, 28, 39, 44, 36]
2003/3/21	Friday	[12, 14, 20, 37, 38, 49, 13]
2003/3/20	Thursday	[4, 16, 30, 37, 46, 47, 20]
2003/3/19	Wednesday	[8, 14, 19, 23, 30, 34, 35]
2003/3/17	Monday	[3, 12, 19, 23, 30, 36, 27]
2003/3/16	Sunday	[5, 30, 36, 37, 38, 49, 29]
2003/3/15	Saturday	[5, 17, 21, 29, 32, 35, 28]
2003/3/14	Friday	[1, 22, 27, 30, 36, 37, 4]
2003/3/13	Thursday	[2, 6, 19, 36, 37, 38, 26]
2003/3/12	Wednesday	[3, 7, 8, 31, 38, 49, 48]
2003/3/11	Tuesday	[2, 8, 18, 26, 39, 49, 14]
2003/3/10	Monday	[4, 10, 29, 31, 37, 39, 33]
2003/3/9	Sunday	[6, 22, 23, 25, 42, 47, 9]
2003/3/8	Saturday	[4, 13, 26, 34, 35, 38, 7]
2003/3/7	Friday	[4, 6, 17, 22, 24, 39, 26]
2003/3/6	Thursday	[7, 14, 31, 35, 36, 42, 41]
2003/3/5	Wednesday	[3, 4, 18, 32, 35, 36, 39]
2003/3/4	Tuesday	[3, 20, 27, 30, 47, 48, 17]
2003/3/3	Monday	[5, 21, 32, 42, 43, 47, 17]
2003/3/2	Sunday	[4, 19, 21, 25, 32, 40, 22]
2003/3/1	Saturday	[4, 6, 16, 19, 20, 25, 11]
2003/2/28	Friday	[1, 22, 29, 31, 38, 48, 15]
2003/2/27	Thursday	[6, 8, 14, 16, 30, 42, 5]
2003/2/26	Wednesday	[7, 18, 34, 39, 42, 49, 17]
2003/2/25	Tuesday	[7, 10, 15, 37, 38, 43, 36]
2003/2/24	Monday	[11, 14, 16, 23, 34, 47, 6]
2003/2/23	Sunday	[6, 9, 12, 13, 20, 29, 38]
2003/2/22	Saturday	[6, 10, 17, 23, 30, 40, 46]
2003/2/21	Friday	[2, 16, 25, 36, 42, 48, 32]
2003/2/20	Thursday	[1, 7, 14, 18, 32, 33, 47]
2003/2/19	Wednesday	[1, 12, 15, 21, 30, 48, 11]
2003/2/18	Tuesday	[7, 18, 20, 34, 37, 49, 45]
2003/2/17	Monday	[6, 13, 16, 17, 29, 48, 32]
2003/2/16	Sunday	[6, 16, 20, 32, 39, 48, 43]
2003/2/15	Saturday	[4, 8, 18, 38, 45, 48, 6]
2003/2/14	Friday	[8, 10, 21, 27, 37, 49, 47]
2003/2/13	Thursday	[3, 15, 17, 26, 43, 45, 23]
2003/2/12	Wednesday	[3, 15, 21, 23, 27, 33, 28]
2003/2/11	Tuesday	[3, 13, 29, 31, 34, 36, 2]
2003/2/10	Monday	[12, 23, 27, 32, 42, 48, 19]
2003/2/9	Sunday	[8, 13, 18, 30, 31, 35, 45]
2003/2/8	Saturday	[9, 13, 15, 19, 23, 41, 5]
2003/2/7	Friday	[6, 32, 35, 38, 41, 47, 29]
2003/2/6	Thursday	[3, 20, 22, 34, 38, 45, 23]
2003/2/5	Wednesday	[19, 21, 29, 31, 33, 34, 32]
2003/2/4	Tuesday	[2, 11, 13, 20, 26, 41, 36]
2003/2/3	Monday	[8, 10, 12, 17, 43, 47, 32]
2003/2/2	Sunday	[8, 17, 19, 20, 21, 27, 12]
2003/2/1	Saturday	[14, 20, 21, 34, 41, 46, 47]
2003/1/31	Friday	[8, 9, 18, 23, 26, 32, 15]
2003/1/30	Thursday	[2, 6, 16, 24, 42, 43, 3]
2003/1/29	Wednesday	[6, 17, 28, 29, 30, 49, 48]
2003/1/28	Tuesday	[10, 14, 20, 22, 28, 30, 37]
2003/1/27	Monday	[5, 17, 20, 23, 31, 32, 43]
2003/1/26	Sunday	[1, 7, 16, 23, 28, 47, 45]
2003/1/25	Saturday	[1, 3, 7, 14, 26, 35, 37]
2003/1/24	Friday	[10, 22, 33, 35, 44, 47, 23]
2003/1/23	Thursday	[2, 11, 24, 25, 34, 46, 23]
2003/1/22	Wednesday	[15, 19, 21, 29, 35, 37, 27]
2003/1/21	Tuesday	[4, 16, 24, 30, 42, 43, 17]
2003/1/20	Monday	[6, 9, 29, 42, 43, 45, 40]
2003/1/19	Sunday	[4, 16, 21, 27, 30, 45, 48]
2003/1/18	Saturday	[2, 16, 24, 27, 31, 33, 48]
2003/1/17	Friday	[5, 6, 8, 23, 27, 31, 33]
2003/1/16	Thursday	[9, 17, 21, 25, 26, 39, 18]
2003/1/15	Wednesday	[6, 26, 31, 40, 45, 47, 13]
2003/1/14	Tuesday	[1, 4, 15, 18, 30, 33, 40]
2003/1/13	Monday	[12, 13, 14, 28, 37, 43, 1]
2003/1/12	Sunday	[10, 14, 20, 23, 38, 45, 42]
2003/1/11	Saturday	[7, 12, 19, 22, 30, 42, 45]
2003/1/10	Friday	[3, 14, 16, 20, 26, 33, 15]
2003/1/9	Thursday	[2, 15, 18, 24, 43, 49, 47]
2003/1/8	Wednesday	[1, 6, 15, 25, 37, 48, 17]
2003/1/7	Tuesday	[5, 7, 16, 18, 22, 47, 38]
2003/1/6	Monday	[1, 5, 23, 25, 45, 46, 21]
2003/1/5	Sunday	[5, 11, 17, 24, 30, 45, 43]
2003/1/4	Saturday	[3, 13, 23, 36, 42, 47, 43]
2003/1/3	Friday	[1, 5, 23, 25, 27, 47, 9]
2003/1/2	Thursday	[5, 21, 22, 32, 33, 49, 42]
2003/1/1	Wednesday	[4, 12, 38, 39, 40, 47, 42]
