Date	Day	result
2009/12/31	Thursday	[4, 7, 16, 33, 34, 37, 26]
2009/12/30	Wednesday	[10, 35, 38, 42, 43, 45, 7]
2009/12/29	Tuesday	[5, 14, 15, 24, 32, 39, 10]
2009/12/28	Monday	[2, 14, 20, 28, 45, 48, 15]
2009/12/27	Sunday	[2, 25, 34, 38, 40, 43, 21]
2009/12/26	Saturday	[8, 15, 22, 25, 31, 32, 29]
2009/12/24	Thursday	[2, 17, 20, 24, 40, 43, 28]
2009/12/23	Wednesday	[2, 15, 22, 23, 38, 39, 40]
2009/12/22	Tuesday	[11, 23, 38, 42, 44, 47, 10]
2009/12/21	Monday	[10, 15, 24, 25, 30, 41, 43]
2009/12/20	Sunday	[14, 18, 21, 35, 37, 48, 23]
2009/12/19	Saturday	[5, 8, 13, 15, 17, 29, 45]
2009/12/18	Friday	[1, 3, 7, 10, 25, 32, 15]
2009/12/17	Thursday	[16, 22, 25, 26, 33, 41, 18]
2009/12/16	Wednesday	[5, 12, 13, 20, 29, 47, 41]
2009/12/15	Tuesday	[2, 18, 20, 26, 30, 46, 15]
2009/12/14	Monday	[5, 29, 35, 40, 46, 47, 13]
2009/12/13	Sunday	[6, 12, 13, 35, 36, 49, 26]
2009/12/12	Saturday	[6, 8, 13, 31, 37, 47, 41]
2009/12/11	Friday	[26, 27, 29, 32, 34, 41, 7]
2009/12/10	Thursday	[6, 10, 27, 31, 34, 48, 3]
2009/12/9	Wednesday	[9, 25, 27, 29, 33, 34, 40]
2009/12/8	Tuesday	[28, 33, 35, 38, 47, 48, 11]
2009/12/7	Monday	[9, 12, 16, 24, 26, 35, 36]
2009/12/6	Sunday	[5, 17, 24, 29, 45, 46, 6]
2009/12/5	Saturday	[6, 13, 33, 38, 45, 47, 39]
2009/12/4	Friday	[2, 20, 21, 22, 23, 40, 12]
2009/12/3	Thursday	[32, 35, 37, 38, 39, 46, 21]
2009/12/2	Wednesday	[13, 22, 30, 34, 45, 47, 10]
2009/12/1	Tuesday	[1, 3, 18, 24, 27, 44, 35]
2009/11/30	Monday	[2, 3, 16, 29, 45, 47, 5]
2009/11/29	Sunday	[3, 9, 10, 22, 36, 40, 31]
2009/11/28	Saturday	[1, 3, 5, 6, 19, 21, 32]
2009/11/27	Friday	[10, 34, 36, 41, 44, 49, 40]
2009/11/26	Thursday	[4, 19, 21, 26, 28, 42, 25]
2009/11/25	Wednesday	[6, 18, 19, 40, 47, 49, 12]
2009/11/24	Tuesday	[5, 17, 19, 25, 35, 47, 29]
2009/11/23	Monday	[5, 6, 10, 25, 27, 37, 20]
2009/11/22	Sunday	[3, 4, 6, 16, 34, 35, 9]
2009/11/21	Saturday	[4, 5, 23, 34, 37, 48, 26]
2009/11/20	Friday	[4, 19, 20, 24, 32, 40, 39]
2009/11/19	Thursday	[4, 16, 23, 35, 47, 49, 6]
2009/11/18	Wednesday	[5, 20, 29, 30, 37, 43, 2]
2009/11/17	Tuesday	[6, 16, 20, 23, 44, 45, 27]
2009/11/16	Monday	[8, 10, 13, 26, 44, 45, 9]
2009/11/15	Sunday	[1, 4, 11, 19, 27, 40, 36]
2009/11/14	Saturday	[19, 21, 24, 26, 32, 34, 25]
2009/11/13	Friday	[1, 8, 11, 19, 34, 35, 29]
2009/11/12	Thursday	[10, 11, 12, 21, 36, 39, 4]
2009/11/11	Wednesday	[7, 19, 22, 31, 32, 34, 17]
2009/11/10	Tuesday	[11, 12, 13, 17, 21, 37, 4]
2009/11/9	Monday	[5, 15, 16, 29, 30, 38, 39]
2009/11/8	Sunday	[4, 23, 25, 31, 37, 38, 34]
2009/11/7	Saturday	[9, 20, 29, 38, 43, 45, 39]
2009/11/6	Friday	[3, 9, 13, 19, 23, 27, 2]
2009/11/5	Thursday	[27, 29, 30, 35, 39, 46, 37]
2009/11/4	Wednesday	[10, 19, 30, 39, 40, 48, 25]
2009/11/3	Tuesday	[9, 15, 22, 23, 24, 37, 14]
2009/11/2	Monday	[1, 3, 18, 38, 46, 49, 19]
2009/11/1	Sunday	[2, 4, 25, 26, 34, 48, 22]
2009/10/31	Saturday	[11, 15, 18, 23, 26, 49, 24]
2009/10/30	Friday	[3, 10, 14, 16, 25, 36, 26]
2009/10/29	Thursday	[6, 8, 9, 22, 28, 42, 26]
2009/10/28	Wednesday	[1, 9, 18, 31, 35, 39, 34]
2009/10/27	Tuesday	[10, 14, 32, 34, 40, 41, 16]
2009/10/26	Monday	[9, 11, 20, 29, 38, 39, 5]
2009/10/25	Sunday	[6, 27, 30, 35, 38, 46, 21]
2009/10/24	Saturday	[2, 3, 5, 24, 45, 48, 14]
2009/10/23	Friday	[12, 18, 39, 45, 47, 49, 30]
2009/10/22	Thursday	[3, 4, 5, 15, 23, 48, 18]
2009/10/21	Wednesday	[2, 14, 33, 38, 39, 48, 28]
2009/10/20	Tuesday	[4, 8, 15, 18, 47, 48, 6]
2009/10/19	Monday	[12, 22, 33, 34, 38, 49, 8]
2009/10/18	Sunday	[1, 18, 24, 30, 35, 36, 15]
2009/10/17	Saturday	[3, 35, 38, 41, 42, 47, 5]
2009/10/16	Friday	[1, 5, 23, 28, 42, 43, 15]
2009/10/15	Thursday	[8, 9, 19, 27, 35, 39, 46]
2009/10/14	Wednesday	[6, 17, 19, 29, 32, 46, 43]
2009/10/13	Tuesday	[21, 25, 29, 42, 45, 49, 24]
2009/10/12	Monday	[4, 8, 21, 26, 29, 45, 43]
2009/10/11	Sunday	[4, 17, 19, 24, 27, 35, 29]
2009/10/10	Saturday	[9, 10, 21, 33, 34, 42, 22]
2009/10/9	Friday	[1, 3, 21, 26, 38, 41, 39]
2009/10/8	Thursday	[2, 3, 14, 28, 29, 48, 4]
2009/10/7	Wednesday	[3, 12, 19, 32, 35, 37, 9]
2009/10/6	Tuesday	[10, 18, 24, 30, 43, 48, 14]
2009/10/5	Monday	[1, 4, 7, 22, 33, 47, 27]
2009/10/4	Sunday	[7, 29, 30, 32, 36, 47, 42]
2009/10/3	Saturday	[6, 11, 22, 24, 29, 45, 39]
2009/10/2	Friday	[2, 3, 31, 36, 39, 49, 15]
2009/10/1	Thursday	[1, 2, 4, 15, 37, 48, 8]
2009/9/30	Wednesday	[5, 13, 16, 40, 41, 42, 30]
2009/9/29	Tuesday	[1, 10, 19, 20, 27, 42, 24]
2009/9/28	Monday	[7, 8, 28, 42, 46, 47, 48]
2009/9/27	Sunday	[18, 20, 27, 28, 42, 47, 39]
2009/9/26	Saturday	[15, 23, 32, 38, 41, 48, 11]
2009/9/25	Friday	[3, 6, 7, 19, 24, 34, 16]
2009/9/24	Thursday	[8, 24, 28, 29, 32, 40, 42]
2009/9/23	Wednesday	[13, 21, 25, 33, 36, 49, 42]
2009/9/22	Tuesday	[7, 15, 29, 40, 42, 48, 49]
2009/9/21	Monday	[1, 8, 18, 26, 28, 37, 15]
2009/9/20	Sunday	[2, 18, 19, 27, 32, 41, 12]
2009/9/19	Saturday	[4, 21, 23, 31, 33, 36, 14]
2009/9/18	Friday	[10, 19, 24, 26, 32, 37, 11]
2009/9/17	Thursday	[4, 6, 9, 21, 26, 37, 20]
2009/9/16	Wednesday	[2, 6, 8, 17, 36, 49, 25]
2009/9/15	Tuesday	[5, 14, 15, 21, 22, 26, 38]
2009/9/14	Monday	[2, 11, 32, 37, 38, 48, 42]
2009/9/13	Sunday	[5, 7, 16, 30, 34, 35, 17]
2009/9/12	Saturday	[9, 12, 19, 41, 48, 49, 21]
2009/9/11	Friday	[1, 4, 15, 26, 38, 45, 14]
2009/9/10	Thursday	[3, 4, 5, 20, 38, 49, 23]
2009/9/9	Wednesday	[5, 22, 26, 34, 43, 49, 30]
2009/9/8	Tuesday	[1, 12, 25, 35, 36, 46, 44]
2009/9/7	Monday	[1, 9, 13, 18, 33, 43, 19]
2009/9/6	Sunday	[2, 3, 17, 28, 39, 42, 19]
2009/9/5	Saturday	[11, 27, 29, 30, 32, 48, 3]
2009/9/4	Friday	[14, 21, 32, 41, 42, 46, 1]
2009/9/3	Thursday	[8, 14, 31, 34, 48, 49, 10]
2009/9/2	Wednesday	[4, 9, 17, 28, 36, 42, 43]
2009/9/1	Tuesday	[2, 4, 8, 33, 40, 49, 46]
2009/8/31	Monday	[3, 6, 10, 14, 33, 48, 40]
2009/8/30	Sunday	[8, 23, 32, 38, 39, 42, 45]
2009/8/29	Saturday	[8, 9, 11, 14, 35, 38, 4]
2009/8/28	Friday	[6, 13, 22, 36, 40, 41, 28]
2009/8/27	Thursday	[11, 12, 14, 16, 22, 35, 27]
2009/8/26	Wednesday	[27, 29, 30, 32, 46, 47, 17]
2009/8/25	Tuesday	[3, 17, 27, 40, 44, 47, 23]
2009/8/24	Monday	[4, 11, 23, 29, 36, 45, 17]
2009/8/23	Sunday	[4, 14, 16, 25, 31, 42, 29]
2009/8/22	Saturday	[1, 5, 10, 16, 30, 47, 26]
2009/8/21	Friday	[1, 6, 10, 27, 37, 40, 16]
2009/8/20	Thursday	[4, 22, 27, 37, 38, 39, 40]
2009/8/19	Wednesday	[4, 17, 20, 21, 22, 31, 49]
2009/8/18	Tuesday	[2, 5, 14, 29, 34, 46, 25]
2009/8/17	Monday	[17, 21, 28, 41, 42, 46, 22]
2009/8/16	Sunday	[2, 4, 15, 30, 35, 49, 6]
2009/8/15	Saturday	[7, 12, 16, 25, 42, 45, 27]
2009/8/14	Friday	[10, 12, 14, 31, 40, 44, 8]
2009/8/13	Thursday	[1, 3, 23, 29, 43, 49, 38]
2009/8/12	Wednesday	[15, 18, 21, 32, 33, 44, 40]
2009/8/11	Tuesday	[4, 15, 24, 27, 40, 48, 8]
2009/8/10	Monday	[1, 3, 9, 13, 14, 16, 42]
2009/8/9	Sunday	[16, 21, 26, 27, 33, 44, 8]
2009/8/8	Saturday	[18, 26, 30, 32, 41, 46, 3]
2009/8/7	Friday	[4, 8, 13, 23, 42, 49, 44]
2009/8/6	Thursday	[10, 15, 32, 41, 45, 47, 29]
2009/8/5	Wednesday	[1, 3, 13, 23, 35, 49, 32]
2009/8/4	Tuesday	[6, 15, 23, 25, 36, 45, 8]
2009/8/3	Monday	[1, 4, 9, 25, 40, 44, 39]
2009/8/2	Sunday	[2, 8, 27, 30, 32, 42, 48]
2009/8/1	Saturday	[17, 24, 28, 41, 45, 46, 20]
2009/7/31	Friday	[2, 8, 18, 20, 31, 37, 41]
2009/7/30	Thursday	[3, 17, 33, 42, 45, 47, 41]
2009/7/29	Wednesday	[1, 17, 37, 38, 41, 48, 19]
2009/7/28	Tuesday	[17, 22, 26, 44, 46, 49, 7]
2009/7/27	Monday	[16, 30, 31, 35, 44, 46, 10]
2009/7/26	Sunday	[8, 10, 36, 38, 45, 49, 20]
2009/7/25	Saturday	[4, 13, 23, 24, 35, 36, 33]
2009/7/24	Friday	[1, 5, 15, 30, 41, 47, 24]
2009/7/23	Thursday	[20, 24, 30, 31, 33, 35, 26]
2009/7/22	Wednesday	[9, 12, 20, 21, 28, 30, 37]
2009/7/21	Tuesday	[3, 4, 7, 19, 22, 29, 46]
2009/7/20	Monday	[8, 16, 19, 27, 35, 39, 22]
2009/7/19	Sunday	[26, 33, 35, 36, 43, 45, 13]
2009/7/18	Saturday	[8, 16, 17, 18, 36, 46, 47]
2009/7/17	Friday	[4, 12, 16, 17, 19, 35, 23]
2009/7/16	Thursday	[22, 23, 36, 38, 39, 47, 7]
2009/7/15	Wednesday	[3, 14, 36, 37, 40, 47, 19]
2009/7/14	Tuesday	[8, 23, 26, 40, 47, 49, 21]
2009/7/13	Monday	[1, 3, 24, 31, 40, 43, 49]
2009/7/12	Sunday	[3, 16, 25, 31, 39, 43, 30]
2009/7/11	Saturday	[9, 13, 19, 32, 38, 47, 12]
2009/7/10	Friday	[2, 4, 28, 33, 39, 49, 20]
2009/7/9	Thursday	[4, 21, 30, 31, 32, 45, 29]
2009/7/8	Wednesday	[3, 8, 15, 31, 40, 49, 6]
2009/7/7	Tuesday	[8, 28, 38, 39, 46, 49, 31]
2009/7/6	Monday	[8, 9, 15, 20, 27, 47, 3]
2009/7/5	Sunday	[9, 13, 25, 30, 43, 47, 24]
2009/7/4	Saturday	[2, 14, 17, 23, 37, 42, 5]
2009/7/3	Friday	[3, 11, 22, 23, 45, 48, 25]
2009/7/2	Thursday	[5, 11, 22, 25, 27, 40, 45]
2009/7/1	Wednesday	[12, 15, 18, 22, 28, 33, 17]
2009/6/30	Tuesday	[5, 6, 19, 23, 27, 37, 38]
2009/6/29	Monday	[3, 13, 34, 36, 45, 48, 24]
2009/6/28	Sunday	[8, 20, 28, 31, 32, 47, 38]
2009/6/27	Saturday	[8, 12, 18, 21, 30, 48, 26]
2009/6/26	Friday	[3, 9, 25, 26, 28, 30, 31]
2009/6/25	Thursday	[7, 9, 11, 24, 38, 44, 25]
2009/6/24	Wednesday	[8, 19, 24, 25, 38, 44, 35]
2009/6/23	Tuesday	[4, 19, 35, 36, 42, 49, 27]
2009/6/22	Monday	[7, 28, 33, 41, 42, 48, 4]
2009/6/21	Sunday	[3, 15, 32, 39, 41, 49, 33]
2009/6/20	Saturday	[7, 8, 19, 24, 29, 47, 34]
2009/6/19	Friday	[6, 12, 29, 40, 44, 46, 17]
2009/6/18	Thursday	[3, 14, 19, 37, 43, 47, 44]
2009/6/17	Wednesday	[1, 2, 3, 10, 37, 46, 24]
2009/6/16	Tuesday	[5, 16, 37, 39, 40, 46, 29]
2009/6/15	Monday	[13, 16, 17, 18, 27, 34, 44]
2009/6/14	Sunday	[8, 12, 16, 31, 41, 42, 7]
2009/6/13	Saturday	[7, 20, 22, 39, 42, 44, 47]
2009/6/12	Friday	[1, 10, 11, 17, 24, 38, 47]
2009/6/11	Thursday	[12, 21, 27, 30, 35, 37, 23]
2009/6/10	Wednesday	[9, 11, 26, 37, 38, 42, 14]
2009/6/9	Tuesday	[9, 26, 27, 34, 37, 40, 17]
2009/6/8	Monday	[15, 19, 25, 27, 43, 46, 48]
2009/6/7	Sunday	[13, 22, 29, 30, 35, 43, 38]
2009/6/6	Saturday	[4, 17, 18, 24, 33, 46, 43]
2009/6/5	Friday	[14, 16, 22, 29, 45, 46, 2]
2009/6/4	Thursday	[1, 5, 10, 14, 21, 34, 31]
2009/6/3	Wednesday	[19, 21, 32, 33, 36, 38, 9]
2009/6/2	Tuesday	[3, 8, 12, 21, 42, 48, 2]
2009/6/1	Monday	[1, 6, 14, 26, 31, 33, 23]
2009/5/31	Sunday	[10, 26, 28, 37, 39, 40, 8]
2009/5/30	Saturday	[6, 10, 17, 24, 35, 48, 29]
2009/5/29	Friday	[4, 15, 28, 30, 32, 33, 17]
2009/5/28	Thursday	[8, 15, 23, 30, 36, 47, 37]
2009/5/27	Wednesday	[21, 28, 37, 40, 46, 48, 32]
2009/5/26	Tuesday	[7, 15, 25, 27, 38, 42, 49]
2009/5/25	Monday	[11, 21, 22, 28, 39, 44, 27]
2009/5/24	Sunday	[3, 5, 25, 26, 39, 42, 31]
2009/5/23	Saturday	[1, 6, 10, 12, 14, 46, 18]
2009/5/22	Friday	[2, 10, 18, 26, 45, 48, 5]
2009/5/21	Thursday	[5, 9, 19, 25, 28, 37, 29]
2009/5/20	Wednesday	[2, 8, 15, 23, 35, 48, 36]
2009/5/19	Tuesday	[12, 15, 22, 30, 47, 48, 27]
2009/5/18	Monday	[11, 19, 21, 25, 28, 30, 23]
2009/5/17	Sunday	[2, 14, 28, 34, 35, 46, 41]
2009/5/16	Saturday	[14, 30, 31, 32, 36, 46, 25]
2009/5/15	Friday	[11, 12, 18, 28, 38, 48, 25]
2009/5/14	Thursday	[2, 7, 10, 13, 37, 39, 44]
2009/5/13	Wednesday	[8, 16, 18, 22, 32, 40, 28]
2009/5/12	Tuesday	[6, 15, 18, 30, 33, 42, 48]
2009/5/11	Monday	[3, 4, 6, 12, 16, 18, 35]
2009/5/10	Sunday	[10, 19, 26, 33, 36, 38, 43]
2009/5/9	Saturday	[1, 5, 12, 18, 37, 46, 41]
2009/5/8	Friday	[2, 3, 6, 21, 37, 47, 1]
2009/5/7	Thursday	[7, 16, 18, 23, 36, 40, 19]
2009/5/6	Wednesday	[2, 22, 32, 40, 45, 48, 17]
2009/5/5	Tuesday	[1, 3, 9, 10, 26, 44, 24]
2009/5/4	Monday	[3, 15, 27, 37, 38, 47, 30]
2009/5/3	Sunday	[1, 6, 18, 34, 38, 45, 10]
2009/5/2	Saturday	[10, 12, 29, 33, 34, 37, 17]
2009/5/1	Friday	[11, 15, 21, 41, 44, 46, 38]
2009/4/30	Thursday	[6, 24, 25, 27, 31, 32, 5]
2009/4/29	Wednesday	[10, 18, 25, 28, 42, 48, 36]
2009/4/28	Tuesday	[10, 11, 20, 27, 43, 48, 40]
2009/4/27	Monday	[2, 16, 20, 24, 28, 31, 48]
2009/4/26	Sunday	[4, 7, 15, 31, 37, 47, 45]
2009/4/25	Saturday	[10, 19, 24, 30, 34, 45, 33]
2009/4/24	Friday	[2, 7, 20, 27, 35, 46, 41]
2009/4/23	Thursday	[5, 12, 22, 26, 33, 39, 2]
2009/4/22	Wednesday	[6, 19, 23, 27, 39, 44, 31]
2009/4/21	Tuesday	[8, 19, 22, 26, 35, 36, 18]
2009/4/20	Monday	[3, 10, 34, 35, 41, 44, 28]
2009/4/19	Sunday	[5, 24, 41, 43, 48, 49, 46]
2009/4/18	Saturday	[1, 3, 12, 25, 42, 43, 49]
2009/4/17	Friday	[3, 5, 10, 36, 41, 46, 47]
2009/4/16	Thursday	[6, 11, 14, 32, 40, 47, 19]
2009/4/15	Wednesday	[4, 9, 18, 21, 23, 31, 2]
2009/4/14	Tuesday	[4, 23, 25, 26, 29, 35, 37]
2009/4/13	Monday	[5, 10, 22, 27, 40, 49, 44]
2009/4/12	Sunday	[9, 12, 14, 21, 31, 36, 42]
2009/4/11	Saturday	[5, 8, 23, 25, 36, 44, 16]
2009/4/10	Friday	[1, 20, 22, 30, 36, 44, 9]
2009/4/9	Thursday	[13, 28, 29, 30, 43, 49, 1]
2009/4/8	Wednesday	[1, 15, 20, 24, 30, 47, 2]
2009/4/7	Tuesday	[3, 13, 22, 25, 31, 42, 33]
2009/4/6	Monday	[3, 5, 7, 9, 21, 43, 27]
2009/4/5	Sunday	[1, 9, 22, 23, 26, 35, 46]
2009/4/4	Saturday	[15, 16, 30, 39, 41, 44, 12]
2009/4/3	Friday	[1, 2, 8, 18, 39, 41, 9]
2009/4/2	Thursday	[6, 27, 29, 31, 37, 47, 48]
2009/4/1	Wednesday	[17, 27, 29, 34, 39, 46, 23]
2009/3/31	Tuesday	[12, 19, 20, 27, 28, 36, 25]
2009/3/30	Monday	[13, 15, 23, 37, 43, 46, 42]
2009/3/29	Sunday	[8, 11, 15, 20, 21, 46, 45]
2009/3/28	Saturday	[12, 21, 25, 33, 38, 48, 28]
2009/3/27	Friday	[2, 3, 6, 22, 25, 46, 8]
2009/3/26	Thursday	[16, 18, 28, 33, 37, 42, 9]
2009/3/25	Wednesday	[7, 15, 19, 33, 37, 41, 4]
2009/3/24	Tuesday	[11, 21, 23, 28, 30, 39, 40]
2009/3/23	Monday	[5, 17, 21, 23, 43, 47, 49]
2009/3/22	Sunday	[7, 17, 18, 28, 44, 45, 19]
2009/3/21	Saturday	[16, 20, 27, 30, 42, 44, 36]
2009/3/20	Friday	[1, 4, 7, 11, 29, 49, 2]
2009/3/19	Thursday	[4, 15, 38, 39, 40, 48, 41]
2009/3/18	Wednesday	[3, 12, 18, 23, 38, 48, 13]
2009/3/17	Tuesday	[3, 12, 24, 36, 44, 45, 6]
2009/3/16	Monday	[19, 30, 31, 36, 38, 47, 17]
2009/3/15	Sunday	[2, 19, 22, 25, 30, 33, 12]
2009/3/14	Saturday	[17, 18, 20, 22, 39, 40, 24]
2009/3/13	Friday	[5, 18, 20, 28, 31, 37, 27]
2009/3/12	Thursday	[8, 15, 19, 30, 33, 40, 29]
2009/3/11	Wednesday	[2, 9, 17, 23, 31, 35, 12]
2009/3/10	Tuesday	[9, 13, 16, 24, 46, 48, 41]
2009/3/9	Monday	[1, 7, 25, 26, 32, 37, 6]
2009/3/8	Sunday	[26, 30, 33, 40, 42, 46, 44]
2009/3/7	Saturday	[8, 16, 20, 31, 44, 48, 18]
2009/3/5	Thursday	[6, 10, 27, 32, 44, 49, 15]
2009/3/4	Wednesday	[21, 24, 25, 28, 36, 37, 29]
2009/3/3	Tuesday	[1, 8, 14, 36, 37, 46, 40]
2009/3/2	Monday	[2, 6, 9, 36, 41, 43, 24]
2009/3/1	Sunday	[14, 17, 24, 37, 44, 45, 49]
2009/2/28	Saturday	[1, 5, 12, 20, 39, 40, 15]
2009/2/27	Friday	[2, 12, 25, 26, 31, 43, 27]
2009/2/26	Thursday	[6, 12, 13, 25, 40, 48, 34]
2009/2/25	Wednesday	[13, 29, 34, 35, 40, 45, 28]
2009/2/24	Tuesday	[12, 18, 30, 34, 37, 41, 6]
2009/2/23	Monday	[4, 10, 15, 34, 40, 42, 25]
2009/2/22	Sunday	[6, 11, 12, 22, 24, 42, 18]
2009/2/21	Saturday	[8, 20, 21, 24, 37, 45, 11]
2009/2/20	Friday	[9, 15, 21, 31, 34, 48, 43]
2009/2/19	Thursday	[10, 13, 24, 29, 32, 47, 33]
2009/2/18	Wednesday	[3, 6, 11, 21, 24, 46, 2]
2009/2/17	Tuesday	[8, 9, 33, 35, 39, 41, 4]
2009/2/16	Monday	[4, 13, 16, 29, 36, 37, 42]
2009/2/15	Sunday	[5, 11, 27, 32, 35, 39, 29]
2009/2/14	Saturday	[3, 28, 30, 40, 46, 49, 5]
2009/2/13	Friday	[2, 14, 22, 28, 33, 37, 12]
2009/2/12	Thursday	[14, 17, 24, 34, 37, 47, 22]
2009/2/11	Wednesday	[1, 12, 27, 33, 40, 45, 9]
2009/2/10	Tuesday	[19, 26, 27, 29, 39, 46, 48]
2009/2/9	Monday	[5, 6, 20, 23, 28, 32, 22]
2009/2/8	Sunday	[6, 21, 24, 33, 35, 40, 12]
2009/2/7	Saturday	[1, 5, 10, 19, 29, 39, 13]
2009/2/6	Friday	[1, 4, 6, 20, 33, 36, 5]
2009/2/5	Thursday	[1, 2, 13, 43, 47, 49, 3]
2009/2/4	Wednesday	[4, 11, 15, 35, 40, 45, 13]
2009/2/3	Tuesday	[11, 23, 33, 35, 36, 42, 17]
2009/2/2	Monday	[2, 12, 13, 18, 19, 27, 30]
2009/2/1	Sunday	[6, 15, 17, 29, 42, 45, 5]
2009/1/31	Saturday	[14, 17, 24, 25, 33, 44, 4]
2009/1/30	Friday	[5, 7, 10, 22, 38, 44, 15]
2009/1/29	Thursday	[5, 6, 8, 31, 38, 41, 29]
2009/1/28	Wednesday	[8, 14, 23, 37, 42, 44, 47]
2009/1/27	Tuesday	[2, 9, 14, 36, 37, 48, 13]
2009/1/26	Monday	[7, 11, 17, 19, 21, 34, 13]
2009/1/25	Sunday	[14, 22, 25, 38, 40, 47, 48]
2009/1/24	Saturday	[7, 11, 14, 27, 38, 49, 42]
2009/1/23	Friday	[5, 15, 19, 21, 31, 38, 46]
2009/1/22	Thursday	[5, 23, 24, 26, 42, 49, 47]
2009/1/21	Wednesday	[2, 10, 19, 21, 23, 37, 49]
2009/1/20	Tuesday	[8, 13, 26, 29, 40, 42, 21]
2009/1/19	Monday	[17, 21, 23, 29, 32, 48, 12]
2009/1/18	Sunday	[5, 6, 9, 10, 12, 14, 17]
2009/1/17	Saturday	[2, 15, 21, 25, 27, 28, 38]
2009/1/16	Friday	[5, 16, 21, 27, 41, 44, 29]
2009/1/15	Thursday	[8, 18, 25, 31, 32, 44, 4]
2009/1/14	Wednesday	[2, 9, 23, 33, 43, 46, 19]
2009/1/13	Tuesday	[2, 21, 22, 25, 33, 41, 13]
2009/1/12	Monday	[6, 15, 17, 27, 35, 49, 19]
2009/1/11	Sunday	[23, 24, 30, 32, 33, 49, 28]
2009/1/10	Saturday	[2, 6, 14, 34, 35, 47, 31]
2009/1/9	Friday	[17, 24, 28, 33, 37, 49, 11]
2009/1/8	Thursday	[15, 25, 28, 33, 36, 41, 42]
2009/1/7	Wednesday	[5, 14, 17, 20, 28, 43, 23]
2009/1/6	Tuesday	[3, 8, 23, 32, 38, 40, 14]
2009/1/5	Monday	[10, 13, 17, 18, 41, 46, 28]
2009/1/4	Sunday	[5, 10, 11, 30, 34, 44, 29]
2009/1/3	Saturday	[5, 14, 15, 21, 23, 37, 7]
2009/1/2	Friday	[8, 16, 36, 37, 43, 45, 7]
2009/1/1	Thursday	[6, 11, 24, 36, 41, 44, 47]
