Date	Day	result
2008/12/31	Wednesday	[4, 8, 15, 19, 28, 39, 6]
2008/12/30	Tuesday	[11, 13, 17, 20, 26, 39, 23]
2008/12/29	Monday	[8, 20, 40, 41, 42, 49, 11]
2008/12/28	Sunday	[1, 23, 29, 33, 39, 48, 24]
2008/12/27	Saturday	[5, 20, 27, 31, 33, 45, 44]
2008/12/26	Friday	[7, 8, 11, 30, 47, 48, 32]
2008/12/24	Wednesday	[6, 8, 12, 19, 26, 46, 37]
2008/12/23	Tuesday	[5, 8, 21, 22, 28, 36, 34]
2008/12/22	Monday	[2, 12, 17, 19, 35, 38, 16]
2008/12/21	Sunday	[5, 15, 29, 38, 46, 47, 8]
2008/12/20	Saturday	[17, 19, 34, 42, 47, 48, 29]
2008/12/19	Friday	[3, 23, 30, 34, 38, 40, 13]
2008/12/18	Thursday	[12, 17, 21, 32, 36, 37, 44]
2008/12/17	Wednesday	[20, 21, 22, 33, 37, 46, 4]
2008/12/16	Tuesday	[21, 23, 29, 32, 45, 46, 49]
2008/12/15	Monday	[10, 11, 18, 21, 31, 42, 8]
2008/12/14	Sunday	[2, 23, 27, 31, 34, 43, 12]
2008/12/13	Saturday	[9, 20, 21, 30, 38, 39, 28]
2008/12/12	Friday	[5, 9, 12, 22, 46, 48, 41]
2008/12/11	Thursday	[5, 16, 18, 21, 22, 27, 42]
2008/12/10	Wednesday	[3, 10, 21, 26, 27, 44, 9]
2008/12/9	Tuesday	[12, 19, 24, 42, 44, 45, 8]
2008/12/8	Monday	[7, 15, 20, 24, 37, 49, 1]
2008/12/7	Sunday	[10, 15, 27, 31, 33, 42, 26]
2008/12/6	Saturday	[2, 6, 17, 19, 29, 33, 14]
2008/12/5	Friday	[1, 3, 8, 21, 31, 39, 35]
2008/12/4	Thursday	[18, 24, 28, 35, 42, 46, 47]
2008/12/3	Wednesday	[9, 11, 15, 20, 27, 36, 34]
2008/12/2	Tuesday	[7, 13, 19, 43, 44, 49, 28]
2008/12/1	Monday	[8, 13, 18, 37, 40, 43, 31]
2008/11/30	Sunday	[14, 28, 30, 35, 40, 42, 19]
2008/11/29	Saturday	[8, 11, 19, 22, 34, 41, 23]
2008/11/28	Friday	[1, 12, 18, 34, 40, 48, 30]
2008/11/27	Thursday	[4, 9, 10, 18, 28, 32, 17]
2008/11/26	Wednesday	[12, 14, 24, 25, 40, 46, 9]
2008/11/25	Tuesday	[5, 11, 23, 26, 34, 48, 10]
2008/11/24	Monday	[6, 12, 21, 32, 42, 44, 33]
2008/11/23	Sunday	[4, 10, 11, 27, 39, 45, 26]
2008/11/22	Saturday	[1, 25, 26, 27, 34, 35, 6]
2008/11/21	Friday	[5, 14, 22, 31, 45, 46, 11]
2008/11/20	Thursday	[6, 13, 26, 32, 45, 48, 21]
2008/11/19	Wednesday	[3, 7, 8, 28, 33, 37, 42]
2008/11/18	Tuesday	[3, 16, 20, 21, 48, 49, 24]
2008/11/17	Monday	[6, 7, 9, 20, 30, 46, 24]
2008/11/16	Sunday	[2, 3, 18, 19, 20, 24, 47]
2008/11/15	Saturday	[2, 6, 10, 26, 28, 30, 49]
2008/11/14	Friday	[4, 5, 17, 23, 24, 36, 47]
2008/11/13	Thursday	[16, 19, 31, 35, 41, 44, 23]
2008/11/12	Wednesday	[2, 4, 16, 28, 44, 47, 9]
2008/11/11	Tuesday	[5, 10, 32, 35, 41, 46, 40]
2008/11/10	Monday	[2, 4, 5, 23, 41, 48, 21]
2008/11/8	Saturday	[5, 7, 13, 25, 34, 46, 38]
2008/11/7	Friday	[8, 11, 30, 32, 41, 48, 28]
2008/11/6	Thursday	[4, 5, 27, 29, 31, 36, 49]
2008/11/5	Wednesday	[21, 22, 24, 26, 27, 33, 20]
2008/11/4	Tuesday	[25, 30, 31, 45, 46, 49, 11]
2008/11/3	Monday	[14, 25, 29, 30, 39, 42, 11]
2008/11/2	Sunday	[6, 9, 11, 17, 24, 46, 19]
2008/11/1	Saturday	[11, 21, 22, 31, 38, 43, 10]
2008/10/31	Friday	[7, 13, 17, 25, 33, 41, 16]
2008/10/30	Thursday	[3, 11, 16, 17, 18, 37, 38]
2008/10/29	Wednesday	[2, 19, 24, 33, 35, 38, 3]
2008/10/28	Tuesday	[1, 2, 7, 28, 38, 44, 10]
2008/10/27	Monday	[2, 14, 37, 40, 44, 47, 4]
2008/10/26	Sunday	[7, 10, 21, 27, 47, 48, 34]
2008/10/25	Saturday	[8, 11, 27, 29, 32, 45, 35]
2008/10/24	Friday	[8, 17, 27, 35, 44, 46, 25]
2008/10/23	Thursday	[11, 28, 29, 33, 34, 36, 37]
2008/10/22	Wednesday	[11, 13, 22, 23, 30, 33, 42]
2008/10/21	Tuesday	[1, 16, 17, 23, 28, 32, 40]
2008/10/20	Monday	[6, 11, 14, 25, 47, 48, 24]
2008/10/19	Sunday	[3, 14, 20, 35, 42, 49, 9]
2008/10/18	Saturday	[9, 18, 23, 29, 46, 47, 25]
2008/10/17	Friday	[6, 13, 18, 22, 36, 48, 26]
2008/10/16	Thursday	[30, 31, 34, 35, 36, 39, 14]
2008/10/15	Wednesday	[22, 29, 33, 34, 35, 46, 10]
2008/10/14	Tuesday	[5, 10, 32, 34, 39, 45, 22]
2008/10/13	Monday	[3, 13, 16, 23, 33, 43, 19]
2008/10/12	Sunday	[5, 25, 26, 30, 39, 49, 24]
2008/10/11	Saturday	[12, 20, 34, 37, 42, 45, 49]
2008/10/10	Friday	[1, 7, 8, 10, 20, 23, 38]
2008/10/9	Thursday	[21, 23, 35, 38, 40, 45, 8]
2008/10/8	Wednesday	[1, 5, 8, 17, 35, 49, 43]
2008/10/7	Tuesday	[11, 26, 30, 38, 39, 42, 32]
2008/10/6	Monday	[4, 8, 14, 29, 38, 49, 12]
2008/10/5	Sunday	[1, 3, 7, 13, 24, 29, 23]
2008/10/4	Saturday	[6, 8, 26, 33, 41, 48, 35]
2008/10/3	Friday	[2, 17, 23, 25, 38, 45, 34]
2008/10/2	Thursday	[6, 7, 17, 19, 31, 49, 24]
2008/10/1	Wednesday	[17, 28, 31, 33, 35, 46, 44]
2008/9/30	Tuesday	[4, 6, 35, 39, 41, 49, 14]
2008/9/29	Monday	[1, 2, 14, 19, 21, 22, 24]
2008/9/28	Sunday	[2, 4, 5, 23, 34, 44, 28]
2008/9/27	Saturday	[3, 8, 12, 29, 40, 41, 32]
2008/9/26	Friday	[19, 20, 22, 25, 32, 44, 31]
2008/9/25	Thursday	[22, 24, 31, 33, 43, 47, 9]
2008/9/24	Wednesday	[4, 16, 17, 22, 23, 45, 34]
2008/9/23	Tuesday	[7, 16, 24, 33, 44, 46, 5]
2008/9/22	Monday	[10, 14, 17, 23, 35, 49, 32]
2008/9/21	Sunday	[9, 23, 26, 27, 32, 47, 5]
2008/9/20	Saturday	[9, 18, 27, 28, 35, 48, 23]
2008/9/19	Friday	[9, 18, 31, 36, 38, 44, 47]
2008/9/18	Thursday	[19, 24, 26, 37, 41, 47, 7]
2008/9/17	Wednesday	[13, 30, 32, 38, 40, 49, 25]
2008/9/16	Tuesday	[4, 18, 21, 33, 42, 43, 29]
2008/9/15	Monday	[4, 19, 29, 38, 40, 44, 37]
2008/9/14	Sunday	[1, 10, 18, 30, 35, 48, 33]
2008/9/13	Saturday	[7, 13, 14, 30, 38, 39, 18]
2008/9/12	Friday	[10, 12, 24, 31, 34, 45, 3]
2008/9/11	Thursday	[1, 5, 9, 22, 23, 26, 46]
2008/9/10	Wednesday	[22, 29, 32, 34, 40, 45, 10]
2008/9/9	Tuesday	[1, 18, 21, 22, 39, 41, 48]
2008/9/8	Monday	[2, 4, 8, 22, 29, 36, 15]
2008/9/7	Sunday	[8, 12, 33, 37, 42, 44, 34]
2008/9/6	Saturday	[12, 18, 19, 31, 42, 46, 20]
2008/9/5	Friday	[4, 11, 24, 39, 40, 48, 14]
2008/9/4	Thursday	[13, 20, 21, 34, 40, 43, 18]
2008/9/3	Wednesday	[7, 21, 29, 30, 35, 49, 26]
2008/9/2	Tuesday	[1, 4, 15, 20, 47, 48, 18]
2008/9/1	Monday	[4, 8, 17, 35, 41, 45, 13]
2008/8/31	Sunday	[5, 6, 12, 30, 41, 47, 10]
2008/8/30	Saturday	[1, 15, 21, 23, 26, 39, 29]
2008/8/29	Friday	[6, 11, 19, 21, 38, 41, 3]
2008/8/28	Thursday	[2, 20, 21, 40, 47, 49, 46]
2008/8/27	Wednesday	[5, 16, 30, 31, 33, 43, 10]
2008/8/26	Tuesday	[13, 22, 40, 41, 46, 48, 23]
2008/8/25	Monday	[2, 18, 23, 36, 43, 47, 3]
2008/8/24	Sunday	[1, 6, 11, 33, 44, 45, 47]
2008/8/23	Saturday	[13, 31, 35, 40, 44, 45, 17]
2008/8/22	Friday	[21, 30, 33, 35, 41, 49, 23]
2008/8/21	Thursday	[9, 11, 20, 23, 45, 48, 30]
2008/8/20	Wednesday	[5, 15, 25, 33, 34, 49, 32]
2008/8/19	Tuesday	[9, 13, 34, 39, 46, 48, 33]
2008/8/18	Monday	[16, 20, 21, 23, 33, 35, 1]
2008/8/17	Sunday	[11, 16, 18, 21, 28, 34, 41]
2008/8/16	Saturday	[1, 4, 31, 41, 43, 49, 20]
2008/8/15	Friday	[6, 7, 10, 14, 16, 24, 44]
2008/8/14	Thursday	[5, 13, 19, 30, 39, 41, 27]
2008/8/13	Wednesday	[6, 11, 25, 37, 41, 45, 47]
2008/8/12	Tuesday	[2, 5, 7, 26, 35, 42, 32]
2008/8/11	Monday	[17, 27, 38, 39, 43, 49, 11]
2008/8/10	Sunday	[3, 15, 17, 25, 38, 40, 8]
2008/8/9	Saturday	[19, 23, 24, 27, 43, 47, 42]
2008/8/8	Friday	[1, 15, 17, 18, 25, 46, 20]
2008/8/7	Thursday	[15, 21, 22, 26, 32, 34, 3]
2008/8/6	Wednesday	[12, 17, 24, 30, 34, 36, 25]
2008/8/5	Tuesday	[5, 18, 24, 32, 40, 46, 1]
2008/8/4	Monday	[4, 7, 16, 28, 37, 40, 25]
2008/8/3	Sunday	[5, 25, 28, 34, 40, 45, 35]
2008/8/2	Saturday	[18, 29, 35, 37, 47, 48, 31]
2008/8/1	Friday	[4, 15, 28, 42, 45, 49, 12]
2008/7/31	Thursday	[7, 10, 22, 23, 31, 36, 8]
2008/7/30	Wednesday	[5, 12, 14, 24, 27, 28, 15]
2008/7/29	Tuesday	[2, 15, 26, 28, 34, 42, 30]
2008/7/28	Monday	[1, 5, 8, 12, 18, 48, 45]
2008/7/27	Sunday	[3, 4, 21, 28, 34, 41, 35]
2008/7/26	Saturday	[1, 13, 17, 31, 38, 41, 29]
2008/7/25	Friday	[4, 5, 14, 22, 28, 33, 10]
2008/7/24	Thursday	[11, 16, 28, 29, 41, 43, 3]
2008/7/23	Wednesday	[1, 21, 32, 38, 44, 46, 14]
2008/7/22	Tuesday	[2, 5, 9, 11, 36, 45, 46]
2008/7/21	Monday	[2, 13, 26, 29, 34, 44, 25]
2008/7/20	Sunday	[5, 10, 11, 24, 38, 40, 6]
2008/7/19	Saturday	[1, 10, 24, 32, 46, 48, 19]
2008/7/18	Friday	[20, 21, 29, 37, 43, 45, 35]
2008/7/17	Thursday	[12, 24, 31, 34, 39, 48, 32]
2008/7/16	Wednesday	[21, 27, 38, 46, 47, 49, 5]
2008/7/15	Tuesday	[4, 14, 27, 30, 31, 34, 22]
2008/7/14	Monday	[12, 14, 23, 38, 39, 41, 15]
2008/7/13	Sunday	[12, 15, 18, 28, 44, 47, 30]
2008/7/12	Saturday	[5, 8, 15, 18, 21, 27, 10]
2008/7/11	Friday	[1, 13, 23, 47, 48, 49, 41]
2008/7/10	Thursday	[9, 20, 31, 32, 40, 42, 33]
2008/7/9	Wednesday	[6, 39, 40, 41, 45, 46, 16]
2008/7/8	Tuesday	[11, 12, 32, 34, 35, 37, 45]
2008/7/7	Monday	[3, 5, 23, 46, 48, 49, 2]
2008/7/6	Sunday	[1, 7, 19, 23, 38, 47, 15]
2008/7/5	Saturday	[3, 10, 37, 38, 47, 48, 8]
2008/7/4	Friday	[6, 9, 17, 28, 37, 40, 32]
2008/7/3	Thursday	[2, 15, 24, 29, 32, 35, 37]
2008/7/2	Wednesday	[8, 9, 10, 25, 27, 41, 40]
2008/7/1	Tuesday	[6, 14, 16, 23, 24, 47, 21]
2008/6/30	Monday	[6, 8, 40, 46, 47, 48, 18]
2008/6/29	Sunday	[7, 18, 31, 40, 45, 46, 4]
2008/6/28	Saturday	[4, 10, 13, 30, 39, 45, 1]
2008/6/27	Friday	[16, 25, 29, 32, 34, 35, 24]
2008/6/26	Thursday	[1, 5, 13, 21, 22, 38, 47]
2008/6/25	Wednesday	[8, 17, 28, 36, 38, 48, 43]
2008/6/24	Tuesday	[18, 36, 41, 43, 45, 48, 1]
2008/6/23	Monday	[7, 12, 18, 23, 27, 47, 48]
2008/6/22	Sunday	[10, 27, 34, 40, 42, 48, 31]
2008/6/21	Saturday	[5, 11, 16, 24, 36, 47, 31]
2008/6/20	Friday	[2, 8, 17, 19, 25, 40, 15]
2008/6/19	Thursday	[9, 11, 17, 23, 36, 38, 43]
2008/6/18	Wednesday	[9, 15, 22, 31, 35, 39, 30]
2008/6/17	Tuesday	[3, 16, 26, 34, 37, 46, 25]
2008/6/16	Monday	[7, 11, 15, 31, 33, 46, 17]
2008/6/15	Sunday	[5, 10, 18, 24, 45, 49, 37]
2008/6/14	Saturday	[6, 9, 15, 24, 26, 42, 36]
2008/6/13	Friday	[10, 14, 25, 34, 45, 48, 32]
2008/6/12	Thursday	[10, 20, 28, 30, 32, 43, 6]
2008/6/11	Wednesday	[6, 7, 15, 19, 22, 35, 45]
2008/6/10	Tuesday	[5, 14, 15, 36, 37, 48, 11]
2008/6/9	Monday	[7, 8, 17, 22, 33, 37, 5]
2008/6/8	Sunday	[1, 20, 21, 29, 47, 48, 36]
2008/6/7	Saturday	[6, 11, 28, 31, 33, 43, 18]
2008/6/6	Friday	[14, 30, 35, 39, 46, 47, 25]
2008/6/5	Thursday	[1, 5, 16, 26, 30, 36, 44]
2008/6/4	Wednesday	[3, 35, 37, 39, 46, 48, 34]
2008/6/3	Tuesday	[8, 11, 19, 38, 43, 46, 20]
2008/6/2	Monday	[3, 6, 9, 10, 19, 29, 27]
2008/6/1	Sunday	[6, 8, 17, 24, 29, 38, 26]
2008/5/31	Saturday	[8, 22, 24, 26, 43, 44, 34]
2008/5/30	Friday	[1, 7, 9, 26, 30, 40, 4]
2008/5/29	Thursday	[4, 8, 14, 17, 28, 34, 44]
2008/5/28	Wednesday	[2, 4, 5, 13, 18, 21, 11]
2008/5/27	Tuesday	[1, 2, 9, 22, 24, 42, 34]
2008/5/26	Monday	[6, 8, 27, 34, 39, 43, 33]
2008/5/25	Sunday	[7, 13, 14, 27, 37, 41, 24]
2008/5/24	Saturday	[3, 8, 29, 34, 37, 47, 5]
2008/5/23	Friday	[1, 3, 21, 26, 28, 47, 6]
2008/5/22	Thursday	[12, 25, 26, 41, 44, 45, 2]
2008/5/21	Wednesday	[1, 4, 16, 36, 39, 46, 18]
2008/5/20	Tuesday	[1, 8, 22, 24, 31, 36, 4]
2008/5/19	Monday	[6, 24, 27, 34, 37, 39, 46]
2008/5/18	Sunday	[19, 32, 38, 40, 42, 48, 39]
2008/5/17	Saturday	[9, 12, 13, 36, 42, 44, 14]
2008/5/16	Friday	[4, 6, 7, 11, 18, 26, 19]
2008/5/15	Thursday	[7, 14, 22, 26, 32, 39, 48]
2008/5/14	Wednesday	[14, 20, 23, 40, 41, 44, 43]
2008/5/13	Tuesday	[8, 11, 14, 19, 37, 41, 44]
2008/5/12	Monday	[12, 15, 19, 34, 39, 42, 35]
2008/5/11	Sunday	[5, 8, 24, 28, 34, 47, 2]
2008/5/10	Saturday	[11, 14, 31, 32, 38, 46, 13]
2008/5/9	Friday	[10, 14, 15, 16, 38, 42, 6]
2008/5/8	Thursday	[5, 10, 15, 26, 37, 46, 11]
2008/5/7	Wednesday	[1, 5, 12, 30, 35, 47, 45]
2008/5/6	Tuesday	[5, 9, 19, 22, 32, 45, 47]
2008/5/5	Monday	[1, 5, 14, 29, 30, 40, 48]
2008/5/4	Sunday	[9, 22, 28, 33, 35, 47, 3]
2008/5/3	Saturday	[8, 9, 16, 20, 24, 27, 42]
2008/5/2	Friday	[15, 16, 24, 33, 34, 48, 37]
2008/5/1	Thursday	[16, 18, 22, 27, 37, 42, 3]
2008/4/30	Wednesday	[3, 13, 14, 32, 36, 44, 49]
2008/4/29	Tuesday	[9, 17, 18, 30, 42, 47, 7]
2008/4/28	Monday	[6, 7, 11, 20, 26, 37, 27]
2008/4/27	Sunday	[5, 19, 39, 41, 42, 43, 12]
2008/4/26	Saturday	[1, 4, 18, 28, 30, 34, 31]
2008/4/25	Friday	[5, 13, 18, 20, 36, 47, 4]
2008/4/24	Thursday	[5, 14, 23, 36, 40, 43, 25]
2008/4/23	Wednesday	[28, 29, 30, 37, 45, 48, 34]
2008/4/22	Tuesday	[18, 27, 34, 40, 47, 48, 43]
2008/4/21	Monday	[1, 3, 15, 17, 22, 46, 39]
2008/4/20	Sunday	[7, 11, 15, 20, 23, 25, 10]
2008/4/19	Saturday	[1, 5, 11, 24, 27, 29, 38]
2008/4/18	Friday	[3, 14, 35, 40, 43, 48, 19]
2008/4/17	Thursday	[13, 17, 38, 39, 44, 45, 14]
2008/4/16	Wednesday	[3, 7, 10, 21, 22, 30, 6]
2008/4/15	Tuesday	[6, 9, 16, 29, 31, 41, 10]
2008/4/14	Monday	[7, 14, 22, 25, 31, 40, 32]
2008/4/13	Sunday	[3, 22, 35, 40, 41, 47, 43]
2008/4/12	Saturday	[6, 7, 26, 41, 42, 49, 16]
2008/4/11	Friday	[6, 15, 31, 33, 34, 39, 46]
2008/4/10	Thursday	[8, 11, 18, 23, 26, 42, 43]
2008/4/9	Wednesday	[1, 4, 12, 15, 35, 49, 25]
2008/4/8	Tuesday	[3, 7, 9, 23, 32, 39, 30]
2008/4/7	Monday	[1, 7, 12, 13, 37, 42, 47]
2008/4/6	Sunday	[30, 36, 38, 40, 43, 46, 18]
2008/4/5	Saturday	[4, 10, 25, 29, 41, 46, 44]
2008/4/4	Friday	[3, 7, 23, 29, 31, 40, 12]
2008/4/3	Thursday	[8, 10, 14, 15, 24, 35, 48]
2008/4/2	Wednesday	[8, 18, 29, 34, 37, 43, 40]
2008/4/1	Tuesday	[6, 7, 24, 35, 37, 49, 18]
2008/3/31	Monday	[9, 38, 42, 44, 45, 47, 21]
2008/3/30	Sunday	[1, 20, 24, 26, 33, 42, 41]
2008/3/29	Saturday	[4, 6, 13, 43, 44, 49, 15]
2008/3/28	Friday	[5, 6, 15, 36, 38, 46, 10]
2008/3/27	Thursday	[4, 6, 16, 18, 23, 32, 41]
2008/3/26	Wednesday	[5, 10, 18, 28, 35, 47, 43]
2008/3/25	Tuesday	[17, 18, 26, 29, 32, 37, 25]
2008/3/24	Monday	[10, 27, 33, 39, 47, 48, 24]
2008/3/23	Sunday	[7, 22, 23, 30, 34, 47, 12]
2008/3/22	Saturday	[9, 34, 37, 41, 43, 48, 38]
2008/3/21	Friday	[11, 12, 15, 21, 47, 49, 2]
2008/3/20	Thursday	[5, 9, 12, 20, 23, 46, 17]
2008/3/19	Wednesday	[1, 23, 32, 34, 35, 43, 17]
2008/3/18	Tuesday	[19, 23, 26, 32, 37, 46, 14]
2008/3/17	Monday	[11, 12, 23, 26, 33, 41, 9]
2008/3/16	Sunday	[1, 32, 41, 42, 45, 46, 19]
2008/3/15	Saturday	[10, 12, 14, 23, 25, 46, 32]
2008/3/14	Friday	[7, 10, 14, 16, 35, 41, 3]
2008/3/13	Thursday	[16, 18, 22, 24, 45, 48, 15]
2008/3/12	Wednesday	[6, 7, 25, 29, 36, 40, 28]
2008/3/11	Tuesday	[12, 24, 25, 33, 42, 48, 20]
2008/3/10	Monday	[6, 14, 16, 27, 32, 33, 3]
2008/3/9	Sunday	[3, 4, 9, 20, 32, 47, 34]
2008/3/8	Saturday	[8, 14, 15, 31, 41, 42, 49]
2008/3/7	Friday	[3, 11, 12, 26, 39, 42, 8]
2008/3/6	Thursday	[5, 8, 11, 12, 13, 35, 25]
2008/3/5	Wednesday	[6, 8, 11, 19, 25, 42, 26]
2008/3/4	Tuesday	[3, 10, 13, 14, 22, 41, 2]
2008/3/3	Monday	[2, 8, 10, 29, 40, 44, 25]
2008/3/2	Sunday	[12, 16, 18, 19, 25, 29, 33]
2008/3/1	Saturday	[1, 3, 7, 21, 24, 26, 28]
2008/2/29	Friday	[1, 10, 21, 32, 42, 44, 40]
2008/2/28	Thursday	[3, 10, 29, 32, 40, 47, 33]
2008/2/27	Wednesday	[2, 9, 13, 17, 25, 34, 7]
2008/2/26	Tuesday	[3, 11, 24, 25, 36, 38, 27]
2008/2/25	Monday	[16, 17, 24, 40, 42, 43, 28]
2008/2/24	Sunday	[1, 4, 10, 11, 25, 48, 35]
2008/2/23	Saturday	[5, 14, 34, 36, 41, 48, 17]
2008/2/22	Friday	[7, 11, 26, 31, 33, 47, 9]
2008/2/21	Thursday	[20, 23, 26, 30, 48, 49, 10]
2008/2/20	Wednesday	[3, 6, 10, 15, 19, 34, 48]
2008/2/19	Tuesday	[14, 16, 31, 35, 45, 49, 10]
2008/2/18	Monday	[4, 7, 10, 31, 36, 49, 8]
2008/2/17	Sunday	[2, 8, 25, 30, 46, 49, 18]
2008/2/16	Saturday	[1, 2, 5, 6, 8, 25, 28]
2008/2/15	Friday	[4, 8, 11, 15, 19, 34, 3]
2008/2/14	Thursday	[18, 31, 36, 37, 47, 48, 33]
2008/2/13	Wednesday	[8, 10, 23, 32, 43, 48, 26]
2008/2/12	Tuesday	[5, 8, 31, 32, 42, 46, 20]
2008/2/11	Monday	[8, 17, 32, 36, 44, 49, 14]
2008/2/10	Sunday	[6, 13, 19, 20, 41, 43, 39]
2008/2/9	Saturday	[10, 15, 27, 32, 33, 36, 16]
2008/2/8	Friday	[17, 24, 27, 39, 42, 48, 12]
2008/2/7	Thursday	[1, 4, 7, 19, 22, 38, 29]
2008/2/6	Wednesday	[2, 7, 8, 41, 44, 49, 29]
2008/2/5	Tuesday	[1, 6, 10, 13, 16, 48, 3]
2008/2/4	Monday	[1, 7, 19, 21, 23, 26, 11]
2008/2/3	Sunday	[21, 27, 29, 31, 34, 43, 9]
2008/2/2	Saturday	[4, 6, 10, 14, 26, 43, 39]
2008/2/1	Friday	[11, 19, 20, 27, 31, 38, 10]
2008/1/31	Thursday	[8, 12, 13, 15, 18, 33, 2]
2008/1/30	Wednesday	[4, 9, 11, 27, 37, 40, 10]
2008/1/29	Tuesday	[3, 10, 12, 16, 28, 44, 33]
2008/1/28	Monday	[1, 20, 27, 28, 31, 42, 25]
2008/1/27	Sunday	[15, 16, 36, 39, 46, 47, 44]
2008/1/26	Saturday	[10, 13, 21, 23, 28, 37, 42]
2008/1/25	Friday	[8, 18, 21, 24, 28, 41, 27]
2008/1/24	Thursday	[12, 15, 23, 25, 27, 45, 14]
2008/1/23	Wednesday	[3, 23, 25, 36, 40, 43, 5]
2008/1/22	Tuesday	[10, 24, 26, 34, 42, 43, 47]
2008/1/21	Monday	[9, 15, 28, 34, 35, 45, 44]
2008/1/20	Sunday	[3, 24, 27, 28, 38, 39, 7]
2008/1/19	Saturday	[1, 24, 31, 36, 40, 48, 14]
2008/1/18	Friday	[7, 10, 30, 33, 36, 37, 19]
2008/1/17	Thursday	[2, 15, 26, 33, 37, 44, 35]
2008/1/16	Wednesday	[3, 9, 11, 25, 31, 38, 33]
2008/1/15	Tuesday	[2, 9, 11, 30, 40, 45, 29]
2008/1/14	Monday	[11, 15, 21, 27, 29, 37, 28]
2008/1/13	Sunday	[24, 27, 28, 36, 38, 41, 1]
2008/1/12	Saturday	[1, 15, 25, 30, 36, 46, 12]
2008/1/11	Friday	[8, 20, 27, 40, 43, 45, 1]
2008/1/10	Thursday	[7, 11, 19, 33, 40, 43, 17]
2008/1/9	Wednesday	[17, 22, 31, 33, 43, 45, 10]
2008/1/8	Tuesday	[8, 16, 26, 33, 39, 45, 21]
2008/1/7	Monday	[4, 15, 19, 32, 35, 42, 21]
2008/1/6	Sunday	[5, 6, 15, 22, 28, 30, 45]
2008/1/5	Saturday	[10, 19, 25, 28, 38, 47, 36]
2008/1/4	Friday	[1, 24, 32, 34, 45, 47, 5]
2008/1/3	Thursday	[1, 6, 9, 20, 25, 28, 46]
2008/1/2	Wednesday	[2, 26, 27, 34, 36, 39, 25]
2008/1/1	Tuesday	[5, 6, 15, 18, 22, 42, 37]
