Date	Day	result
2010/12/31	Friday	[10, 20, 21, 27, 31, 32, 16]
2010/12/30	Thursday	[5, 32, 33, 36, 37, 44, 34]
2010/12/29	Wednesday	[6, 19, 27, 30, 46, 47, 10]
2010/12/28	Tuesday	[6, 16, 18, 28, 41, 48, 38]
2010/12/27	Monday	[2, 3, 8, 34, 40, 46, 14]
2010/12/26	Sunday	[2, 10, 14, 17, 31, 39, 37]
2010/12/24	Friday	[9, 11, 13, 25, 31, 48, 47]
2010/12/23	Thursday	[9, 14, 18, 28, 43, 48, 11]
2010/12/22	Wednesday	[21, 28, 31, 41, 43, 49, 34]
2010/12/21	Tuesday	[6, 20, 25, 28, 41, 46, 30]
2010/12/20	Monday	[3, 5, 7, 12, 29, 38, 16]
2010/12/19	Sunday	[17, 21, 26, 27, 46, 48, 29]
2010/12/18	Saturday	[2, 12, 15, 21, 35, 47, 42]
2010/12/17	Friday	[13, 14, 18, 19, 30, 41, 40]
2010/12/16	Thursday	[1, 25, 34, 38, 39, 41, 7]
2010/12/15	Wednesday	[21, 22, 26, 37, 39, 43, 12]
2010/12/14	Tuesday	[6, 29, 38, 41, 43, 49, 21]
2010/12/13	Monday	[10, 13, 15, 39, 43, 46, 36]
2010/12/12	Sunday	[2, 5, 7, 11, 17, 24, 20]
2010/12/11	Saturday	[5, 10, 13, 20, 31, 43, 39]
2010/12/10	Friday	[6, 15, 20, 23, 25, 46, 38]
2010/12/9	Thursday	[5, 7, 20, 23, 42, 46, 41]
2010/12/8	Wednesday	[1, 6, 14, 18, 40, 45, 23]
2010/12/7	Tuesday	[1, 16, 17, 18, 39, 46, 12]
2010/12/6	Monday	[17, 20, 22, 28, 30, 38, 46]
2010/12/5	Sunday	[3, 25, 35, 36, 37, 46, 30]
2010/12/4	Saturday	[1, 2, 6, 8, 35, 38, 34]
2010/12/3	Friday	[14, 16, 42, 44, 45, 46, 35]
2010/12/2	Thursday	[2, 10, 18, 28, 38, 40, 31]
2010/12/1	Wednesday	[1, 7, 15, 34, 39, 47, 29]
2010/11/30	Tuesday	[12, 13, 24, 31, 38, 46, 20]
2010/11/29	Monday	[14, 20, 33, 40, 42, 47, 35]
2010/11/28	Sunday	[2, 6, 27, 30, 42, 43, 45]
2010/11/27	Saturday	[1, 16, 29, 30, 38, 49, 46]
2010/11/26	Friday	[22, 26, 30, 35, 39, 47, 5]
2010/11/25	Thursday	[1, 11, 12, 22, 23, 46, 39]
2010/11/24	Wednesday	[11, 18, 20, 24, 31, 45, 27]
2010/11/23	Tuesday	[3, 9, 10, 20, 21, 31, 36]
2010/11/22	Monday	[2, 18, 34, 43, 44, 47, 3]
2010/11/21	Sunday	[2, 9, 20, 44, 45, 46, 19]
2010/11/20	Saturday	[10, 15, 25, 27, 31, 34, 43]
2010/11/19	Friday	[19, 40, 41, 43, 47, 49, 26]
2010/11/18	Thursday	[7, 24, 33, 35, 36, 47, 8]
2010/11/17	Wednesday	[7, 15, 19, 29, 47, 48, 23]
2010/11/16	Tuesday	[1, 14, 19, 22, 32, 33, 9]
2010/11/15	Monday	[2, 6, 18, 19, 25, 39, 43]
2010/11/14	Sunday	[2, 19, 22, 23, 32, 44, 35]
2010/11/13	Saturday	[5, 11, 19, 24, 25, 34, 43]
2010/11/12	Friday	[7, 9, 10, 22, 27, 34, 36]
2010/11/11	Thursday	[2, 20, 25, 26, 39, 48, 13]
2010/11/10	Wednesday	[7, 8, 13, 15, 30, 45, 33]
2010/11/9	Tuesday	[12, 29, 38, 43, 44, 45, 35]
2010/11/8	Monday	[17, 25, 27, 41, 48, 49, 11]
2010/11/7	Sunday	[2, 3, 19, 32, 37, 40, 28]
2010/11/6	Saturday	[25, 38, 40, 44, 47, 49, 35]
2010/11/5	Friday	[8, 9, 17, 23, 26, 48, 12]
2010/11/4	Thursday	[3, 12, 34, 37, 47, 49, 25]
2010/11/3	Wednesday	[1, 6, 15, 32, 38, 41, 35]
2010/11/2	Tuesday	[1, 7, 13, 33, 43, 45, 47]
2010/11/1	Monday	[11, 17, 30, 42, 43, 45, 20]
2010/10/31	Sunday	[9, 13, 14, 23, 26, 46, 8]
2010/10/30	Saturday	[4, 34, 37, 44, 46, 49, 45]
2010/10/29	Friday	[6, 15, 16, 29, 30, 46, 32]
2010/10/28	Thursday	[14, 22, 36, 39, 45, 47, 38]
2010/10/27	Wednesday	[1, 2, 4, 15, 19, 40, 28]
2010/10/26	Tuesday	[3, 9, 16, 22, 27, 37, 49]
2010/10/25	Monday	[1, 4, 5, 20, 39, 43, 30]
2010/10/24	Sunday	[16, 18, 31, 40, 42, 44, 15]
2010/10/23	Saturday	[10, 22, 23, 26, 38, 45, 44]
2010/10/22	Friday	[8, 9, 10, 31, 33, 37, 11]
2010/10/21	Thursday	[1, 32, 39, 43, 44, 48, 23]
2010/10/20	Wednesday	[6, 22, 29, 34, 37, 40, 44]
2010/10/19	Tuesday	[4, 6, 14, 15, 40, 48, 26]
2010/10/18	Monday	[9, 14, 33, 39, 46, 49, 4]
2010/10/17	Sunday	[3, 14, 34, 44, 48, 49, 45]
2010/10/16	Saturday	[14, 17, 27, 35, 45, 49, 47]
2010/10/15	Friday	[7, 10, 14, 18, 36, 37, 40]
2010/10/14	Thursday	[16, 17, 20, 25, 36, 44, 1]
2010/10/13	Wednesday	[2, 5, 10, 11, 33, 42, 24]
2010/10/12	Tuesday	[15, 17, 21, 24, 29, 37, 18]
2010/10/11	Monday	[6, 10, 16, 18, 22, 27, 9]
2010/10/10	Sunday	[18, 25, 26, 28, 39, 49, 8]
2010/10/9	Saturday	[1, 14, 17, 23, 37, 42, 45]
2010/10/8	Friday	[2, 8, 15, 16, 22, 36, 40]
2010/10/7	Thursday	[1, 2, 5, 9, 38, 44, 22]
2010/10/6	Wednesday	[17, 21, 33, 39, 46, 47, 19]
2010/10/5	Tuesday	[2, 13, 19, 25, 29, 42, 6]
2010/10/4	Monday	[6, 8, 16, 27, 34, 39, 4]
2010/10/3	Sunday	[1, 4, 24, 42, 43, 49, 21]
2010/10/2	Saturday	[8, 15, 25, 36, 43, 46, 48]
2010/10/1	Friday	[2, 10, 20, 29, 35, 42, 43]
2010/9/30	Thursday	[2, 3, 29, 31, 43, 47, 7]
2010/9/29	Wednesday	[2, 5, 20, 34, 37, 45, 38]
2010/9/28	Tuesday	[10, 15, 16, 28, 40, 44, 5]
2010/9/27	Monday	[3, 6, 8, 23, 30, 43, 15]
2010/9/26	Sunday	[5, 8, 35, 43, 47, 49, 46]
2010/9/25	Saturday	[22, 28, 34, 37, 46, 49, 16]
2010/9/24	Friday	[8, 11, 12, 32, 33, 49, 48]
2010/9/23	Thursday	[5, 14, 24, 31, 38, 44, 6]
2010/9/22	Wednesday	[1, 2, 5, 27, 41, 47, 22]
2010/9/21	Tuesday	[1, 2, 3, 22, 23, 43, 4]
2010/9/20	Monday	[7, 20, 23, 27, 37, 41, 29]
2010/9/19	Sunday	[18, 19, 20, 27, 42, 46, 43]
2010/9/18	Saturday	[8, 13, 16, 27, 48, 49, 41]
2010/9/17	Friday	[8, 26, 36, 43, 47, 49, 31]
2010/9/16	Thursday	[28, 30, 31, 38, 39, 40, 14]
2010/9/15	Wednesday	[14, 19, 32, 39, 45, 46, 4]
2010/9/14	Tuesday	[10, 17, 32, 37, 43, 46, 39]
2010/9/13	Monday	[5, 10, 13, 32, 34, 42, 45]
2010/9/12	Sunday	[13, 14, 18, 19, 26, 49, 34]
2010/9/11	Saturday	[11, 12, 16, 19, 27, 36, 47]
2010/9/10	Friday	[5, 6, 8, 26, 44, 45, 35]
2010/9/9	Thursday	[9, 17, 24, 30, 36, 43, 6]
2010/9/8	Wednesday	[1, 10, 11, 21, 33, 49, 15]
2010/9/7	Tuesday	[23, 29, 31, 40, 44, 47, 11]
2010/9/6	Monday	[15, 21, 36, 39, 46, 48, 9]
2010/9/5	Sunday	[11, 17, 18, 35, 36, 38, 26]
2010/9/4	Saturday	[12, 17, 19, 37, 40, 49, 5]
2010/9/3	Friday	[13, 14, 23, 26, 28, 44, 24]
2010/9/2	Thursday	[12, 23, 24, 26, 27, 34, 19]
2010/9/1	Wednesday	[20, 22, 23, 24, 29, 37, 27]
2010/8/31	Tuesday	[11, 13, 25, 34, 36, 47, 7]
2010/8/30	Monday	[13, 14, 24, 26, 28, 29, 31]
2010/8/29	Sunday	[24, 31, 42, 45, 46, 47, 12]
2010/8/28	Saturday	[4, 6, 12, 17, 34, 46, 20]
2010/8/27	Friday	[17, 19, 30, 40, 43, 48, 26]
2010/8/26	Thursday	[11, 25, 34, 36, 44, 49, 2]
2010/8/25	Wednesday	[9, 25, 28, 32, 37, 43, 22]
2010/8/24	Tuesday	[4, 6, 16, 36, 37, 44, 39]
2010/8/23	Monday	[11, 20, 22, 29, 31, 49, 41]
2010/8/22	Sunday	[1, 3, 4, 6, 7, 14, 46]
2010/8/21	Saturday	[4, 20, 26, 29, 39, 46, 33]
2010/8/20	Friday	[4, 9, 10, 11, 26, 48, 18]
2010/8/19	Thursday	[29, 30, 31, 34, 45, 47, 13]
2010/8/18	Wednesday	[3, 5, 18, 40, 47, 48, 36]
2010/8/17	Tuesday	[2, 13, 24, 43, 44, 46, 35]
2010/8/16	Monday	[3, 7, 9, 16, 26, 43, 8]
2010/8/15	Sunday	[13, 17, 18, 23, 40, 42, 1]
2010/8/14	Saturday	[3, 26, 32, 42, 44, 47, 36]
2010/8/13	Friday	[11, 21, 22, 27, 41, 49, 46]
2010/8/12	Thursday	[2, 10, 12, 24, 27, 47, 8]
2010/8/11	Wednesday	[16, 29, 35, 41, 42, 45, 18]
2010/8/10	Tuesday	[25, 28, 29, 38, 41, 48, 45]
2010/8/9	Monday	[13, 22, 23, 24, 25, 27, 39]
2010/8/8	Sunday	[5, 16, 25, 28, 33, 34, 19]
2010/8/7	Saturday	[1, 22, 25, 28, 32, 48, 47]
2010/8/6	Friday	[1, 2, 20, 21, 26, 33, 14]
2010/8/5	Thursday	[12, 20, 36, 39, 41, 46, 35]
2010/8/4	Wednesday	[20, 24, 25, 43, 48, 49, 6]
2010/8/3	Tuesday	[1, 13, 24, 31, 34, 48, 21]
2010/8/2	Monday	[10, 16, 18, 32, 45, 47, 30]
2010/8/1	Sunday	[9, 13, 18, 20, 24, 49, 42]
2010/7/31	Saturday	[3, 13, 24, 31, 33, 41, 4]
2010/7/30	Friday	[1, 19, 23, 34, 35, 40, 38]
2010/7/29	Thursday	[4, 5, 11, 28, 32, 42, 10]
2010/7/28	Wednesday	[2, 19, 29, 33, 37, 49, 1]
2010/7/27	Tuesday	[6, 15, 29, 34, 45, 49, 25]
2010/7/26	Monday	[2, 5, 21, 23, 26, 44, 48]
2010/7/25	Sunday	[2, 8, 12, 15, 28, 33, 49]
2010/7/24	Saturday	[14, 20, 25, 35, 40, 43, 21]
2010/7/23	Friday	[22, 23, 24, 30, 41, 46, 14]
2010/7/22	Thursday	[4, 18, 25, 26, 28, 32, 29]
2010/7/21	Wednesday	[6, 20, 21, 36, 37, 43, 19]
2010/7/20	Tuesday	[5, 15, 20, 32, 37, 38, 11]
2010/7/19	Monday	[3, 9, 26, 27, 36, 45, 19]
2010/7/18	Sunday	[2, 3, 14, 16, 26, 37, 47]
2010/7/17	Saturday	[14, 15, 16, 37, 45, 49, 35]
2010/7/16	Friday	[11, 24, 27, 28, 32, 48, 30]
2010/7/15	Thursday	[4, 11, 15, 31, 33, 35, 7]
2010/7/14	Wednesday	[1, 10, 17, 18, 21, 36, 48]
2010/7/13	Tuesday	[10, 14, 18, 22, 35, 40, 7]
2010/7/12	Monday	[2, 18, 27, 36, 40, 48, 24]
2010/7/11	Sunday	[6, 7, 14, 37, 41, 44, 12]
2010/7/10	Saturday	[14, 26, 32, 43, 45, 46, 17]
2010/7/9	Friday	[13, 18, 26, 35, 43, 47, 23]
2010/7/8	Thursday	[10, 18, 27, 30, 43, 45, 19]
2010/7/7	Wednesday	[1, 8, 11, 12, 31, 46, 43]
2010/7/6	Tuesday	[10, 15, 32, 41, 48, 49, 27]
2010/7/5	Monday	[10, 30, 34, 37, 38, 46, 11]
2010/7/4	Sunday	[11, 33, 37, 39, 44, 48, 49]
2010/7/3	Saturday	[5, 7, 21, 34, 45, 48, 32]
2010/7/2	Friday	[1, 7, 21, 33, 39, 47, 32]
2010/7/1	Thursday	[8, 11, 33, 41, 42, 43, 1]
2010/6/30	Wednesday	[1, 4, 13, 14, 19, 40, 46]
2010/6/29	Tuesday	[7, 21, 24, 37, 46, 47, 4]
2010/6/28	Monday	[5, 24, 28, 37, 46, 49, 18]
2010/6/27	Sunday	[4, 5, 22, 33, 41, 43, 7]
2010/6/26	Saturday	[3, 16, 29, 31, 33, 47, 18]
2010/6/25	Friday	[8, 17, 27, 29, 35, 39, 25]
2010/6/24	Thursday	[16, 18, 23, 35, 37, 42, 17]
2010/6/23	Wednesday	[3, 6, 16, 21, 45, 46, 8]
2010/6/22	Tuesday	[2, 22, 23, 24, 27, 41, 37]
2010/6/21	Monday	[7, 9, 18, 19, 46, 48, 11]
2010/6/20	Sunday	[6, 14, 15, 29, 46, 47, 8]
2010/6/19	Saturday	[1, 6, 8, 9, 11, 36, 45]
2010/6/18	Friday	[6, 30, 31, 33, 37, 46, 39]
2010/6/17	Thursday	[2, 11, 25, 28, 36, 48, 42]
2010/6/16	Wednesday	[6, 7, 15, 20, 36, 38, 4]
2010/6/15	Tuesday	[7, 11, 17, 32, 33, 37, 5]
2010/6/14	Monday	[1, 8, 16, 22, 44, 47, 25]
2010/6/13	Sunday	[4, 7, 11, 12, 23, 44, 45]
2010/6/12	Saturday	[5, 10, 11, 17, 35, 49, 16]
2010/6/11	Friday	[19, 28, 31, 33, 43, 49, 6]
2010/6/10	Thursday	[13, 19, 20, 21, 31, 43, 29]
2010/6/9	Wednesday	[4, 26, 36, 39, 41, 42, 8]
2010/6/8	Tuesday	[2, 15, 19, 33, 38, 43, 47]
2010/6/7	Monday	[9, 20, 32, 36, 38, 48, 22]
2010/6/6	Sunday	[15, 16, 23, 28, 31, 37, 36]
2010/6/5	Saturday	[1, 5, 7, 10, 25, 36, 19]
2010/6/4	Friday	[5, 13, 29, 33, 37, 48, 7]
2010/6/3	Thursday	[14, 22, 25, 26, 27, 35, 19]
2010/6/2	Wednesday	[5, 13, 24, 25, 26, 33, 17]
2010/6/1	Tuesday	[15, 17, 31, 32, 40, 49, 25]
2010/5/31	Monday	[1, 2, 6, 8, 14, 37, 24]
2010/5/30	Sunday	[5, 15, 22, 23, 34, 49, 18]
2010/5/29	Saturday	[2, 3, 8, 23, 25, 44, 42]
2010/5/28	Friday	[5, 9, 17, 39, 45, 47, 13]
2010/5/27	Thursday	[6, 14, 19, 40, 43, 49, 16]
2010/5/26	Wednesday	[3, 8, 13, 29, 41, 49, 16]
2010/5/25	Tuesday	[7, 12, 22, 28, 31, 38, 39]
2010/5/24	Monday	[3, 5, 7, 19, 29, 44, 21]
2010/5/23	Sunday	[8, 19, 21, 28, 40, 48, 36]
2010/5/22	Saturday	[4, 14, 21, 37, 43, 49, 38]
2010/5/21	Friday	[12, 14, 29, 34, 36, 49, 38]
2010/5/20	Thursday	[5, 13, 31, 37, 45, 49, 22]
2010/5/19	Wednesday	[1, 15, 23, 24, 39, 47, 13]
2010/5/18	Tuesday	[8, 16, 22, 25, 29, 41, 36]
2010/5/17	Monday	[1, 17, 27, 29, 32, 40, 24]
2010/5/16	Sunday	[30, 33, 37, 39, 41, 45, 23]
2010/5/15	Saturday	[2, 3, 4, 12, 13, 48, 34]
2010/5/14	Friday	[1, 5, 13, 14, 33, 40, 30]
2010/5/13	Thursday	[4, 23, 24, 25, 26, 42, 40]
2010/5/12	Wednesday	[7, 8, 19, 33, 40, 43, 9]
2010/5/11	Tuesday	[7, 19, 23, 36, 39, 49, 21]
2010/5/10	Monday	[6, 13, 14, 19, 37, 40, 35]
2010/5/9	Sunday	[7, 9, 27, 29, 34, 39, 48]
2010/5/8	Saturday	[11, 14, 18, 33, 39, 47, 37]
2010/5/7	Friday	[10, 35, 37, 40, 41, 46, 12]
2010/5/6	Thursday	[12, 13, 21, 23, 25, 34, 48]
2010/5/5	Wednesday	[10, 14, 19, 29, 31, 35, 21]
2010/5/4	Tuesday	[2, 10, 15, 25, 36, 37, 21]
2010/5/3	Monday	[12, 14, 22, 34, 37, 43, 26]
2010/5/2	Sunday	[2, 12, 23, 26, 32, 47, 25]
2010/5/1	Saturday	[1, 15, 16, 17, 19, 38, 18]
2010/4/30	Friday	[21, 29, 33, 37, 41, 42, 44]
2010/4/29	Thursday	[2, 6, 12, 18, 19, 38, 33]
2010/4/28	Wednesday	[8, 12, 24, 36, 44, 47, 10]
2010/4/27	Tuesday	[6, 7, 9, 34, 35, 41, 22]
2010/4/26	Monday	[1, 2, 6, 13, 30, 41, 28]
2010/4/25	Sunday	[16, 17, 19, 33, 35, 47, 31]
2010/4/24	Saturday	[10, 23, 27, 31, 46, 49, 40]
2010/4/23	Friday	[8, 11, 15, 24, 35, 46, 12]
2010/4/22	Thursday	[1, 2, 8, 37, 41, 49, 13]
2010/4/21	Wednesday	[10, 13, 17, 22, 32, 37, 28]
2010/4/20	Tuesday	[2, 12, 17, 18, 45, 46, 35]
2010/4/19	Monday	[2, 12, 14, 16, 24, 35, 37]
2010/4/18	Sunday	[11, 24, 35, 39, 44, 47, 16]
2010/4/17	Saturday	[15, 16, 19, 29, 43, 48, 10]
2010/4/16	Friday	[4, 11, 18, 30, 37, 39, 5]
2010/4/15	Thursday	[1, 9, 12, 20, 23, 37, 29]
2010/4/14	Wednesday	[13, 22, 23, 34, 38, 46, 31]
2010/4/13	Tuesday	[4, 16, 17, 28, 33, 37, 40]
2010/4/12	Monday	[10, 20, 21, 35, 41, 42, 11]
2010/4/11	Sunday	[1, 15, 20, 21, 26, 38, 16]
2010/4/10	Saturday	[19, 20, 28, 34, 41, 44, 35]
2010/4/9	Friday	[7, 30, 35, 40, 41, 46, 3]
2010/4/8	Thursday	[12, 17, 32, 41, 43, 49, 19]
2010/4/7	Wednesday	[13, 14, 19, 25, 41, 49, 47]
2010/4/6	Tuesday	[10, 23, 32, 34, 39, 40, 26]
2010/4/5	Monday	[5, 8, 14, 15, 25, 35, 10]
2010/4/4	Sunday	[13, 16, 37, 44, 46, 47, 4]
2010/4/3	Saturday	[11, 13, 29, 31, 48, 49, 42]
2010/4/2	Friday	[8, 11, 14, 16, 19, 37, 29]
2010/4/1	Thursday	[7, 11, 15, 25, 28, 41, 6]
2010/3/31	Wednesday	[9, 16, 23, 38, 42, 44, 2]
2010/3/30	Tuesday	[11, 16, 30, 37, 42, 45, 27]
2010/3/29	Monday	[5, 14, 18, 27, 31, 39, 33]
2010/3/28	Sunday	[2, 18, 23, 32, 40, 48, 3]
2010/3/27	Saturday	[3, 9, 12, 23, 43, 46, 19]
2010/3/26	Friday	[6, 7, 10, 18, 27, 47, 17]
2010/3/25	Thursday	[2, 12, 17, 32, 36, 38, 9]
2010/3/24	Wednesday	[5, 7, 25, 29, 43, 49, 16]
2010/3/23	Tuesday	[1, 35, 38, 39, 43, 47, 18]
2010/3/22	Monday	[7, 27, 29, 37, 46, 47, 31]
2010/3/21	Sunday	[1, 2, 10, 18, 22, 28, 9]
2010/3/20	Saturday	[17, 21, 28, 33, 42, 47, 36]
2010/3/19	Friday	[7, 21, 38, 45, 46, 47, 6]
2010/3/18	Thursday	[5, 15, 22, 23, 25, 38, 29]
2010/3/17	Wednesday	[19, 28, 34, 37, 40, 42, 20]
2010/3/16	Tuesday	[6, 9, 15, 24, 25, 28, 21]
2010/3/15	Monday	[2, 10, 14, 21, 26, 49, 1]
2010/3/14	Sunday	[7, 13, 15, 21, 28, 47, 24]
2010/3/13	Saturday	[7, 15, 18, 22, 46, 49, 45]
2010/3/12	Friday	[10, 17, 18, 30, 42, 49, 48]
2010/3/11	Thursday	[7, 26, 27, 34, 45, 49, 42]
2010/3/10	Wednesday	[2, 11, 12, 14, 30, 41, 15]
2010/3/9	Tuesday	[10, 16, 21, 25, 34, 44, 12]
2010/3/8	Monday	[11, 18, 25, 29, 37, 44, 5]
2010/3/7	Sunday	[3, 10, 17, 23, 38, 46, 48]
2010/3/6	Saturday	[15, 22, 27, 28, 38, 46, 31]
2010/3/5	Friday	[6, 12, 30, 38, 40, 44, 26]
2010/3/4	Thursday	[3, 7, 11, 13, 17, 30, 43]
2010/3/3	Wednesday	[3, 5, 6, 16, 28, 42, 10]
2010/3/2	Tuesday	[19, 28, 39, 42, 44, 48, 7]
2010/3/1	Monday	[1, 8, 14, 16, 21, 49, 2]
2010/2/28	Sunday	[7, 11, 13, 17, 24, 48, 49]
2010/2/27	Saturday	[19, 30, 35, 44, 45, 48, 3]
2010/2/26	Friday	[9, 17, 24, 30, 37, 44, 33]
2010/2/25	Thursday	[1, 7, 25, 31, 33, 35, 49]
2010/2/24	Wednesday	[1, 5, 17, 19, 27, 45, 47]
2010/2/23	Tuesday	[9, 13, 25, 37, 45, 47, 2]
2010/2/22	Monday	[22, 34, 40, 41, 43, 46, 21]
2010/2/21	Sunday	[3, 4, 16, 20, 25, 30, 7]
2010/2/20	Saturday	[15, 29, 33, 37, 39, 44, 25]
2010/2/19	Friday	[10, 15, 21, 24, 32, 33, 47]
2010/2/18	Thursday	[2, 9, 18, 25, 30, 47, 37]
2010/2/17	Wednesday	[3, 9, 16, 19, 27, 42, 36]
2010/2/16	Tuesday	[5, 24, 35, 42, 43, 49, 11]
2010/2/15	Monday	[15, 16, 23, 25, 37, 39, 7]
2010/2/14	Sunday	[5, 20, 25, 29, 36, 37, 35]
2010/2/13	Saturday	[23, 25, 26, 30, 38, 49, 40]
2010/2/12	Friday	[4, 17, 18, 22, 28, 43, 45]
2010/2/11	Thursday	[12, 17, 26, 28, 30, 44, 49]
2010/2/10	Wednesday	[1, 20, 29, 35, 36, 45, 26]
2010/2/9	Tuesday	[2, 26, 40, 41, 42, 44, 5]
2010/2/8	Monday	[24, 28, 32, 34, 36, 43, 4]
2010/2/7	Sunday	[13, 15, 18, 42, 43, 46, 2]
2010/2/6	Saturday	[2, 11, 12, 25, 29, 34, 36]
2010/2/5	Friday	[14, 15, 34, 38, 46, 47, 20]
2010/2/4	Thursday	[5, 10, 17, 24, 31, 35, 4]
2010/2/3	Wednesday	[2, 3, 9, 25, 30, 38, 35]
2010/2/2	Tuesday	[16, 31, 35, 36, 44, 47, 38]
2010/2/1	Monday	[1, 18, 36, 37, 39, 44, 34]
2010/1/31	Sunday	[9, 13, 28, 35, 42, 43, 29]
2010/1/30	Saturday	[2, 8, 13, 31, 38, 48, 22]
2010/1/29	Friday	[6, 7, 13, 19, 27, 35, 11]
2010/1/28	Thursday	[1, 24, 26, 27, 29, 45, 3]
2010/1/27	Wednesday	[1, 7, 24, 31, 37, 40, 8]
2010/1/26	Tuesday	[15, 17, 32, 36, 38, 39, 8]
2010/1/25	Monday	[14, 16, 23, 31, 34, 40, 7]
2010/1/24	Sunday	[6, 23, 39, 41, 45, 47, 28]
2010/1/23	Saturday	[2, 12, 18, 32, 37, 48, 44]
2010/1/22	Friday	[2, 8, 10, 25, 35, 45, 13]
2010/1/21	Thursday	[6, 19, 24, 31, 41, 47, 29]
2010/1/20	Wednesday	[11, 17, 24, 26, 36, 40, 19]
2010/1/19	Tuesday	[4, 6, 8, 22, 26, 48, 40]
2010/1/18	Monday	[7, 8, 11, 33, 35, 49, 18]
2010/1/17	Sunday	[2, 13, 19, 20, 22, 29, 25]
2010/1/16	Saturday	[2, 6, 22, 28, 31, 37, 38]
2010/1/15	Friday	[3, 4, 9, 34, 38, 43, 2]
2010/1/14	Thursday	[9, 17, 19, 26, 31, 40, 41]
2010/1/13	Wednesday	[1, 12, 19, 41, 46, 49, 9]
2010/1/12	Tuesday	[1, 10, 22, 30, 39, 42, 4]
2010/1/11	Monday	[5, 8, 22, 25, 41, 44, 38]
2010/1/10	Sunday	[15, 16, 26, 33, 42, 46, 12]
2010/1/9	Saturday	[17, 23, 32, 34, 42, 49, 5]
2010/1/8	Friday	[2, 15, 24, 26, 30, 49, 9]
2010/1/7	Thursday	[2, 8, 13, 31, 33, 36, 29]
2010/1/6	Wednesday	[2, 8, 18, 29, 41, 46, 31]
2010/1/5	Tuesday	[7, 11, 28, 32, 34, 46, 1]
2010/1/4	Monday	[3, 7, 18, 23, 24, 49, 35]
2010/1/3	Sunday	[2, 4, 11, 14, 15, 38, 48]
2010/1/2	Saturday	[16, 20, 25, 38, 41, 49, 43]
2010/1/1	Friday	[2, 4, 18, 26, 40, 43, 20]
