Date	Day	result
2002/12/31	Tuesday	[13, 21, 26, 32, 42, 44, 9]
2002/12/30	Monday	[4, 5, 6, 13, 20, 34, 12]
2002/12/29	Sunday	[3, 6, 10, 19, 40, 47, 13]
2002/12/28	Saturday	[1, 3, 17, 19, 46, 48, 32]
2002/12/27	Friday	[6, 20, 28, 30, 43, 45, 9]
2002/12/26	Thursday	[9, 11, 18, 20, 33, 38, 24]
2002/12/22	Sunday	[6, 23, 27, 29, 37, 41, 30]
2002/12/21	Saturday	[11, 12, 23, 24, 29, 30, 35]
2002/12/20	Friday	[1, 9, 21, 30, 48, 49, 27]
2002/12/19	Thursday	[17, 26, 36, 37, 40, 47, 7]
2002/12/18	Wednesday	[3, 9, 14, 39, 47, 49, 13]
2002/12/17	Tuesday	[1, 7, 28, 33, 38, 44, 5]
2002/12/16	Monday	[25, 27, 31, 36, 39, 47, 38]
2002/12/15	Sunday	[1, 6, 11, 24, 46, 47, 26]
2002/12/14	Saturday	[4, 11, 18, 37, 44, 47, 2]
2002/12/13	Friday	[6, 17, 19, 22, 23, 24, 26]
2002/12/12	Thursday	[1, 2, 21, 31, 35, 47, 42]
2002/12/11	Wednesday	[2, 7, 26, 33, 40, 47, 18]
2002/12/10	Tuesday	[3, 7, 13, 25, 26, 37, 42]
2002/12/9	Monday	[1, 8, 9, 16, 24, 25, 21]
2002/12/8	Sunday	[3, 8, 11, 19, 26, 33, 36]
2002/12/7	Saturday	[2, 4, 5, 10, 11, 42, 19]
2002/12/6	Friday	[3, 12, 28, 29, 34, 40, 8]
2002/12/5	Thursday	[10, 20, 22, 24, 42, 44, 45]
2002/12/4	Wednesday	[4, 5, 12, 14, 33, 49, 41]
2002/12/3	Tuesday	[12, 13, 25, 32, 47, 49, 37]
2002/12/2	Monday	[6, 12, 17, 21, 23, 41, 37]
2002/12/1	Sunday	[7, 15, 24, 29, 32, 40, 14]
2002/11/30	Saturday	[24, 32, 34, 38, 43, 49, 2]
2002/11/29	Friday	[14, 16, 19, 40, 44, 49, 1]
2002/11/28	Thursday	[20, 27, 36, 37, 43, 45, 6]
2002/11/27	Wednesday	[2, 15, 27, 33, 39, 40, 17]
2002/11/26	Tuesday	[1, 9, 14, 25, 26, 44, 42]
2002/11/25	Monday	[7, 17, 25, 31, 33, 47, 9]
2002/11/24	Sunday	[1, 12, 17, 26, 38, 41, 29]
2002/11/23	Saturday	[22, 35, 36, 38, 40, 43, 32]
2002/11/22	Friday	[5, 8, 23, 32, 42, 45, 3]
2002/11/21	Thursday	[5, 11, 28, 37, 44, 49, 3]
2002/11/20	Wednesday	[5, 25, 28, 35, 39, 43, 49]
2002/11/19	Tuesday	[3, 11, 28, 36, 41, 43, 16]
2002/11/18	Monday	[4, 13, 16, 32, 41, 45, 5]
2002/11/17	Sunday	[2, 26, 34, 36, 40, 46, 7]
2002/11/16	Saturday	[10, 20, 29, 33, 39, 48, 37]
2002/11/15	Friday	[2, 8, 18, 20, 33, 36, 24]
2002/11/14	Thursday	[21, 31, 36, 39, 42, 48, 14]
2002/11/13	Wednesday	[5, 23, 37, 39, 45, 49, 22]
2002/11/12	Tuesday	[4, 16, 19, 34, 35, 45, 37]
2002/11/11	Monday	[8, 10, 21, 23, 34, 38, 12]
2002/11/10	Sunday	[4, 20, 22, 36, 43, 48, 40]
2002/11/9	Saturday	[2, 14, 20, 21, 30, 42, 38]
2002/11/8	Friday	[4, 8, 19, 21, 36, 47, 24]
2002/11/7	Thursday	[8, 14, 24, 31, 32, 39, 26]
2002/11/6	Wednesday	[1, 2, 7, 8, 16, 45, 46]
2002/11/5	Tuesday	[4, 5, 18, 28, 38, 40, 44]
2002/11/4	Monday	[17, 32, 38, 40, 41, 46, 47]
2002/11/3	Sunday	[4, 18, 20, 24, 30, 39, 37]
2002/11/2	Saturday	[11, 14, 20, 22, 27, 32, 19]
2002/11/1	Friday	[1, 9, 33, 37, 44, 46, 12]
2002/10/31	Thursday	[18, 25, 31, 36, 42, 46, 15]
2002/10/30	Wednesday	[1, 2, 12, 22, 23, 31, 45]
2002/10/29	Tuesday	[4, 8, 11, 18, 26, 35, 30]
2002/10/28	Monday	[1, 16, 19, 25, 33, 42, 48]
2002/10/27	Sunday	[14, 21, 22, 25, 28, 39, 36]
2002/10/26	Saturday	[11, 14, 19, 34, 46, 47, 6]
2002/10/25	Friday	[7, 12, 15, 17, 34, 47, 6]
2002/10/24	Thursday	[1, 3, 21, 35, 45, 46, 12]
2002/10/23	Wednesday	[17, 21, 22, 27, 40, 48, 44]
2002/10/22	Tuesday	[24, 32, 35, 43, 45, 49, 25]
2002/10/21	Monday	[2, 5, 7, 8, 13, 18, 25]
2002/10/20	Sunday	[8, 12, 17, 30, 42, 46, 37]
2002/10/19	Saturday	[3, 13, 15, 24, 30, 33, 16]
2002/10/18	Friday	[2, 3, 8, 20, 37, 47, 16]
2002/10/17	Thursday	[2, 9, 14, 16, 23, 24, 29]
2002/10/16	Wednesday	[13, 23, 29, 30, 31, 44, 19]
2002/10/15	Tuesday	[4, 19, 21, 25, 38, 49, 11]
2002/10/14	Monday	[12, 18, 20, 38, 44, 45, 13]
2002/10/13	Sunday	[1, 4, 9, 16, 28, 30, 2]
2002/10/12	Saturday	[4, 13, 14, 34, 35, 43, 5]
2002/10/11	Friday	[6, 8, 13, 17, 18, 27, 34]
2002/10/10	Thursday	[5, 14, 19, 27, 32, 47, 36]
2002/10/9	Wednesday	[3, 8, 15, 23, 39, 42, 44]
2002/10/8	Tuesday	[12, 14, 16, 30, 34, 44, 35]
2002/10/7	Monday	[1, 3, 11, 21, 32, 34, 23]
2002/10/6	Sunday	[9, 18, 28, 38, 42, 43, 46]
2002/10/5	Saturday	[4, 18, 24, 27, 30, 40, 28]
2002/10/4	Friday	[1, 8, 32, 38, 47, 48, 16]
2002/10/3	Thursday	[7, 19, 20, 23, 39, 45, 13]
2002/10/2	Wednesday	[15, 21, 24, 31, 35, 42, 12]
2002/10/1	Tuesday	[7, 16, 18, 21, 36, 42, 17]
2002/9/30	Monday	[7, 10, 13, 24, 30, 35, 17]
2002/9/29	Sunday	[13, 18, 24, 33, 46, 48, 27]
2002/9/28	Saturday	[22, 23, 28, 40, 43, 44, 33]
2002/9/27	Friday	[1, 7, 21, 24, 25, 46, 30]
2002/9/26	Thursday	[10, 12, 14, 29, 38, 40, 46]
2002/9/25	Wednesday	[6, 11, 24, 25, 31, 35, 7]
2002/9/24	Tuesday	[4, 6, 14, 18, 24, 46, 23]
2002/9/23	Monday	[6, 13, 27, 31, 38, 39, 15]
2002/9/21	Saturday	[1, 11, 20, 24, 27, 39, 21]
2002/9/20	Friday	[13, 32, 35, 43, 46, 48, 1]
2002/9/19	Thursday	[5, 6, 7, 9, 23, 28, 37]
2002/9/18	Wednesday	[1, 10, 11, 19, 30, 32, 35]
2002/9/17	Tuesday	[4, 5, 7, 34, 40, 48, 44]
2002/9/16	Monday	[2, 9, 14, 15, 17, 30, 33]
2002/9/15	Sunday	[3, 13, 15, 18, 21, 24, 22]
2002/9/14	Saturday	[4, 9, 21, 33, 42, 46, 41]
2002/9/13	Friday	[17, 27, 30, 42, 48, 49, 31]
2002/9/12	Thursday	[8, 10, 14, 27, 41, 43, 6]
2002/9/11	Wednesday	[2, 12, 26, 42, 43, 49, 39]
2002/9/10	Tuesday	[9, 20, 21, 34, 37, 44, 29]
2002/9/9	Monday	[4, 8, 10, 24, 33, 39, 9]
2002/9/8	Sunday	[1, 11, 14, 16, 29, 30, 46]
2002/9/7	Saturday	[2, 4, 12, 25, 26, 28, 32]
2002/9/6	Friday	[14, 15, 34, 36, 43, 45, 8]
2002/9/5	Thursday	[11, 13, 19, 25, 34, 47, 1]
2002/9/4	Wednesday	[10, 17, 32, 43, 46, 48, 20]
2002/9/3	Tuesday	[15, 18, 22, 23, 28, 35, 34]
2002/9/2	Monday	[5, 7, 9, 23, 26, 44, 18]
2002/9/1	Sunday	[8, 11, 13, 19, 25, 35, 47]
2002/8/31	Saturday	[7, 8, 27, 28, 29, 45, 24]
2002/8/30	Friday	[5, 9, 10, 37, 41, 45, 16]
2002/8/29	Thursday	[26, 28, 34, 35, 42, 47, 19]
2002/8/28	Wednesday	[7, 14, 15, 33, 37, 41, 34]
2002/8/27	Tuesday	[6, 7, 19, 27, 32, 39, 35]
2002/8/26	Monday	[13, 20, 27, 32, 35, 38, 45]
2002/8/25	Sunday	[6, 12, 21, 36, 37, 41, 33]
2002/8/24	Saturday	[15, 23, 25, 34, 35, 38, 48]
2002/8/23	Friday	[8, 11, 14, 20, 26, 44, 12]
2002/8/22	Thursday	[8, 9, 10, 25, 42, 47, 15]
2002/8/21	Wednesday	[23, 26, 27, 30, 35, 42, 5]
2002/8/20	Tuesday	[9, 23, 28, 30, 40, 49, 38]
2002/8/19	Monday	[1, 9, 25, 37, 38, 46, 43]
2002/8/18	Sunday	[2, 4, 13, 38, 39, 40, 22]
2002/8/17	Saturday	[7, 9, 10, 18, 40, 42, 48]
2002/8/16	Friday	[11, 30, 34, 39, 45, 47, 25]
2002/8/15	Thursday	[14, 19, 27, 39, 40, 47, 28]
2002/8/14	Wednesday	[2, 3, 25, 27, 46, 49, 23]
2002/8/13	Tuesday	[7, 20, 30, 46, 48, 49, 28]
2002/8/12	Monday	[29, 42, 43, 46, 47, 48, 22]
2002/8/11	Sunday	[6, 14, 21, 31, 35, 47, 26]
2002/8/10	Saturday	[16, 22, 30, 31, 39, 42, 4]
2002/8/9	Friday	[7, 10, 16, 22, 25, 30, 29]
2002/8/8	Thursday	[10, 15, 27, 29, 35, 42, 34]
2002/8/7	Wednesday	[12, 17, 23, 33, 42, 44, 6]
2002/8/6	Tuesday	[3, 10, 35, 44, 47, 49, 33]
2002/8/5	Monday	[1, 19, 22, 24, 31, 39, 37]
2002/8/4	Sunday	[4, 7, 13, 16, 22, 49, 40]
2002/8/3	Saturday	[1, 10, 17, 28, 38, 47, 3]
2002/8/2	Friday	[2, 6, 23, 25, 27, 29, 48]
2002/8/1	Thursday	[6, 14, 21, 25, 31, 46, 29]
2002/7/31	Wednesday	[15, 17, 24, 29, 42, 48, 6]
2002/7/30	Tuesday	[11, 22, 29, 36, 38, 40, 25]
2002/7/29	Monday	[7, 8, 15, 34, 38, 46, 36]
2002/7/28	Sunday	[19, 34, 38, 42, 45, 48, 29]
2002/7/27	Saturday	[23, 26, 37, 38, 41, 43, 21]
2002/7/26	Friday	[3, 11, 22, 24, 29, 38, 23]
2002/7/25	Thursday	[1, 14, 21, 29, 33, 47, 42]
2002/7/24	Wednesday	[5, 6, 17, 19, 24, 35, 3]
2002/7/23	Tuesday	[4, 9, 27, 31, 33, 40, 12]
2002/7/22	Monday	[8, 20, 24, 33, 38, 48, 32]
2002/7/21	Sunday	[10, 26, 29, 32, 33, 43, 25]
2002/7/20	Saturday	[1, 14, 16, 22, 28, 41, 25]
2002/7/19	Friday	[16, 26, 30, 35, 36, 48, 41]
2002/7/18	Thursday	[8, 13, 16, 25, 30, 32, 46]
2002/7/17	Wednesday	[1, 5, 11, 17, 20, 22, 10]
2002/7/16	Tuesday	[15, 21, 25, 38, 41, 42, 46]
2002/7/15	Monday	[10, 11, 24, 27, 31, 37, 16]
2002/7/14	Sunday	[2, 4, 21, 28, 37, 44, 48]
2002/7/13	Saturday	[19, 33, 35, 39, 40, 47, 15]
2002/7/12	Friday	[8, 29, 35, 36, 37, 49, 14]
2002/7/11	Thursday	[7, 9, 24, 32, 38, 48, 17]
2002/7/10	Wednesday	[14, 19, 28, 36, 39, 42, 12]
2002/7/9	Tuesday	[8, 13, 17, 27, 41, 43, 12]
2002/7/8	Monday	[21, 22, 24, 33, 38, 42, 30]
2002/7/7	Sunday	[3, 14, 17, 18, 26, 28, 44]
2002/7/6	Saturday	[1, 6, 14, 33, 36, 37, 34]
2002/7/5	Friday	[1, 4, 11, 19, 34, 48, 14]
2002/7/4	Thursday	[19, 20, 28, 33, 35, 44, 7]
2002/7/3	Wednesday	[2, 14, 19, 24, 39, 40, 35]
2002/7/2	Tuesday	[8, 18, 31, 43, 45, 46, 36]
2002/7/1	Monday	[14, 20, 29, 32, 38, 42, 7]
2002/6/30	Sunday	[9, 14, 25, 43, 47, 49, 45]
2002/6/29	Saturday	[6, 14, 19, 21, 28, 39, 35]
2002/6/28	Friday	[4, 5, 20, 30, 32, 41, 37]
2002/6/27	Thursday	[5, 9, 15, 22, 28, 46, 34]
2002/6/26	Wednesday	[13, 14, 16, 35, 37, 49, 11]
2002/6/25	Tuesday	[12, 15, 23, 29, 35, 39, 25]
2002/6/24	Monday	[1, 8, 11, 14, 38, 49, 3]
2002/6/23	Sunday	[6, 17, 21, 42, 43, 45, 27]
2002/6/22	Saturday	[2, 6, 15, 18, 22, 28, 16]
2002/6/21	Friday	[9, 15, 20, 26, 33, 40, 8]
2002/6/20	Thursday	[14, 24, 37, 40, 41, 43, 49]
2002/6/19	Wednesday	[1, 10, 19, 20, 28, 32, 30]
2002/6/18	Tuesday	[12, 33, 35, 43, 45, 47, 31]
2002/6/17	Monday	[1, 27, 34, 37, 40, 45, 43]
2002/6/16	Sunday	[14, 21, 22, 35, 45, 46, 1]
2002/6/15	Saturday	[15, 25, 31, 35, 40, 44, 33]
2002/6/14	Friday	[7, 10, 28, 31, 45, 48, 13]
2002/6/13	Thursday	[21, 22, 27, 32, 37, 48, 1]
2002/6/12	Wednesday	[5, 7, 17, 36, 37, 38, 35]
2002/6/11	Tuesday	[2, 12, 15, 25, 37, 49, 36]
2002/6/10	Monday	[6, 13, 37, 42, 43, 46, 25]
2002/6/9	Sunday	[8, 27, 39, 43, 48, 49, 9]
2002/6/8	Saturday	[5, 11, 13, 21, 30, 47, 9]
2002/6/7	Friday	[16, 19, 26, 34, 41, 42, 24]
2002/6/6	Thursday	[8, 9, 27, 29, 35, 37, 2]
2002/6/5	Wednesday	[1, 15, 23, 26, 39, 40, 49]
2002/6/4	Tuesday	[10, 28, 30, 31, 43, 46, 35]
2002/6/3	Monday	[17, 19, 20, 29, 36, 40, 27]
2002/6/2	Sunday	[12, 19, 36, 44, 47, 48, 49]
2002/6/1	Saturday	[18, 23, 27, 28, 31, 38, 7]
2002/5/31	Friday	[4, 27, 28, 37, 38, 40, 11]
2002/5/30	Thursday	[10, 14, 24, 33, 34, 47, 11]
2002/5/29	Wednesday	[7, 21, 22, 34, 37, 41, 14]
2002/5/28	Tuesday	[1, 6, 11, 20, 31, 41, 13]
2002/5/27	Monday	[8, 17, 27, 35, 43, 45, 2]
2002/5/26	Sunday	[4, 13, 19, 24, 33, 37, 41]
2002/5/25	Saturday	[9, 11, 25, 29, 39, 49, 2]
2002/5/24	Friday	[1, 4, 13, 17, 34, 44, 20]
2002/5/23	Thursday	[13, 27, 28, 37, 38, 45, 22]
2002/5/22	Wednesday	[13, 15, 21, 36, 39, 46, 30]
2002/5/21	Tuesday	[21, 22, 23, 43, 44, 45, 26]
2002/5/20	Monday	[12, 14, 24, 33, 45, 47, 17]
2002/5/19	Sunday	[3, 4, 12, 15, 18, 28, 6]
2002/5/18	Saturday	[4, 11, 17, 20, 36, 42, 23]
2002/5/17	Friday	[8, 16, 22, 27, 28, 39, 42]
2002/5/16	Thursday	[2, 3, 19, 30, 37, 38, 44]
2002/5/15	Wednesday	[5, 6, 8, 22, 29, 35, 15]
2002/5/14	Tuesday	[10, 13, 20, 26, 27, 42, 43]
2002/5/13	Monday	[14, 26, 37, 38, 42, 45, 29]
2002/5/12	Sunday	[1, 8, 26, 40, 45, 46, 36]
2002/5/11	Saturday	[3, 17, 18, 23, 25, 36, 45]
2002/5/10	Friday	[6, 10, 16, 28, 46, 47, 11]
2002/5/9	Thursday	[13, 20, 23, 36, 45, 49, 19]
2002/5/8	Wednesday	[1, 4, 7, 10, 26, 36, 25]
2002/5/7	Tuesday	[9, 18, 21, 24, 32, 35, 22]
2002/5/6	Monday	[13, 19, 20, 34, 46, 48, 8]
2002/5/5	Sunday	[24, 25, 27, 28, 37, 44, 16]
2002/5/4	Saturday	[2, 12, 14, 22, 23, 36, 20]
2002/5/3	Friday	[1, 6, 23, 34, 36, 41, 30]
2002/5/2	Thursday	[6, 22, 26, 31, 37, 39, 7]
2002/5/1	Wednesday	[6, 9, 10, 18, 25, 39, 33]
2002/4/30	Tuesday	[5, 8, 14, 16, 22, 47, 26]
2002/4/29	Monday	[3, 16, 31, 39, 43, 46, 44]
2002/4/28	Sunday	[3, 8, 21, 28, 32, 36, 15]
2002/4/27	Saturday	[9, 13, 19, 24, 35, 47, 43]
2002/4/26	Friday	[27, 28, 34, 35, 37, 39, 42]
2002/4/25	Thursday	[12, 16, 18, 19, 31, 44, 17]
2002/4/24	Wednesday	[2, 8, 18, 27, 43, 45, 32]
2002/4/23	Tuesday	[3, 15, 30, 33, 35, 46, 6]
2002/4/22	Monday	[12, 26, 29, 30, 35, 47, 3]
2002/4/21	Sunday	[6, 19, 20, 26, 38, 39, 5]
2002/4/20	Saturday	[11, 13, 18, 36, 45, 46, 34]
2002/4/19	Friday	[4, 9, 19, 21, 27, 37, 8]
2002/4/18	Thursday	[7, 17, 33, 35, 37, 49, 34]
2002/4/17	Wednesday	[6, 14, 24, 29, 45, 49, 16]
2002/4/16	Tuesday	[7, 19, 24, 27, 31, 47, 35]
2002/4/15	Monday	[2, 17, 22, 27, 28, 32, 14]
2002/4/14	Sunday	[4, 22, 25, 34, 40, 44, 35]
2002/4/13	Saturday	[1, 2, 6, 20, 29, 30, 45]
2002/4/12	Friday	[6, 10, 21, 25, 35, 43, 40]
2002/4/11	Thursday	[1, 12, 16, 36, 41, 47, 31]
2002/4/10	Wednesday	[3, 15, 36, 41, 42, 47, 40]
2002/4/9	Tuesday	[20, 23, 33, 35, 43, 48, 42]
2002/4/8	Monday	[3, 13, 15, 35, 44, 47, 41]
2002/4/7	Sunday	[2, 8, 30, 33, 41, 45, 10]
2002/4/6	Saturday	[1, 7, 21, 29, 36, 42, 33]
2002/4/5	Friday	[3, 17, 22, 29, 48, 49, 23]
2002/4/4	Thursday	[2, 13, 16, 37, 40, 47, 15]
2002/4/3	Wednesday	[8, 18, 30, 32, 40, 45, 47]
2002/4/2	Tuesday	[8, 11, 28, 34, 36, 40, 12]
2002/4/1	Monday	[6, 16, 18, 21, 34, 49, 24]
2002/3/31	Sunday	[3, 10, 11, 24, 29, 44, 26]
2002/3/30	Saturday	[2, 4, 10, 32, 34, 44, 43]
2002/3/28	Thursday	[9, 11, 12, 15, 41, 45, 44]
2002/3/27	Wednesday	[8, 11, 17, 22, 23, 49, 13]
2002/3/26	Tuesday	[1, 12, 15, 44, 45, 49, 48]
2002/3/25	Monday	[2, 7, 10, 32, 34, 37, 6]
2002/3/24	Sunday	[6, 11, 17, 19, 27, 46, 23]
2002/3/23	Saturday	[2, 6, 13, 15, 23, 42, 28]
2002/3/22	Friday	[2, 16, 22, 26, 33, 49, 6]
2002/3/21	Thursday	[1, 9, 15, 26, 36, 39, 27]
2002/3/20	Wednesday	[19, 26, 35, 36, 40, 48, 33]
2002/3/19	Tuesday	[20, 30, 39, 44, 46, 49, 40]
2002/3/18	Monday	[5, 16, 22, 27, 47, 48, 38]
2002/3/17	Sunday	[2, 3, 9, 12, 41, 46, 29]
2002/3/16	Saturday	[1, 3, 5, 28, 45, 46, 9]
2002/3/15	Friday	[3, 16, 21, 32, 33, 43, 19]
2002/3/14	Thursday	[2, 14, 17, 33, 34, 41, 36]
2002/3/13	Wednesday	[1, 12, 13, 24, 39, 44, 18]
2002/3/12	Tuesday	[19, 21, 28, 42, 43, 45, 30]
2002/3/11	Monday	[4, 6, 14, 23, 24, 40, 44]
2002/3/10	Sunday	[21, 30, 35, 46, 47, 49, 37]
2002/3/9	Saturday	[13, 18, 29, 34, 43, 45, 27]
2002/3/8	Friday	[2, 13, 39, 41, 44, 47, 14]
2002/3/7	Thursday	[9, 14, 16, 21, 44, 47, 25]
2002/3/6	Wednesday	[10, 12, 27, 33, 45, 46, 35]
2002/3/5	Tuesday	[23, 24, 26, 32, 35, 40, 42]
2002/3/4	Monday	[16, 23, 24, 26, 29, 42, 4]
2002/3/3	Sunday	[10, 15, 24, 30, 44, 49, 45]
2002/3/2	Saturday	[7, 16, 17, 46, 48, 49, 40]
2002/3/1	Friday	[12, 20, 25, 32, 33, 40, 14]
2002/2/28	Thursday	[3, 23, 34, 43, 45, 49, 15]
2002/2/27	Wednesday	[12, 14, 19, 20, 28, 35, 18]
2002/2/26	Tuesday	[6, 7, 16, 24, 38, 42, 5]
2002/2/25	Monday	[15, 17, 24, 32, 47, 49, 11]
2002/2/24	Sunday	[6, 7, 26, 27, 36, 45, 18]
2002/2/23	Saturday	[10, 22, 28, 30, 35, 41, 38]
2002/2/22	Friday	[7, 17, 20, 27, 32, 42, 26]
2002/2/21	Thursday	[3, 14, 23, 34, 43, 46, 5]
2002/2/20	Wednesday	[7, 11, 16, 18, 24, 28, 21]
2002/2/19	Tuesday	[2, 14, 19, 34, 45, 49, 33]
2002/2/18	Monday	[2, 18, 29, 41, 44, 48, 10]
2002/2/17	Sunday	[2, 6, 11, 25, 36, 49, 27]
2002/2/16	Saturday	[10, 25, 39, 41, 43, 47, 16]
2002/2/15	Friday	[12, 13, 28, 31, 35, 48, 24]
2002/2/14	Thursday	[1, 6, 30, 36, 39, 45, 28]
2002/2/13	Wednesday	[5, 15, 23, 32, 40, 41, 25]
2002/2/12	Tuesday	[9, 13, 18, 37, 41, 44, 12]
2002/2/11	Monday	[1, 4, 15, 30, 47, 48, 13]
2002/2/10	Sunday	[3, 17, 19, 28, 35, 44, 45]
2002/2/9	Saturday	[4, 25, 28, 33, 37, 49, 21]
2002/2/8	Friday	[8, 18, 21, 25, 33, 49, 29]
2002/2/7	Thursday	[5, 11, 13, 20, 21, 25, 45]
2002/2/6	Wednesday	[7, 13, 36, 40, 48, 49, 12]
2002/2/5	Tuesday	[3, 16, 23, 27, 28, 41, 4]
2002/2/4	Monday	[3, 6, 10, 33, 35, 46, 44]
2002/2/3	Sunday	[18, 21, 31, 33, 34, 35, 14]
2002/2/2	Saturday	[4, 19, 23, 29, 31, 43, 42]
2002/2/1	Friday	[10, 20, 22, 39, 45, 49, 25]
2002/1/31	Thursday	[6, 19, 25, 36, 37, 41, 13]
2002/1/30	Wednesday	[11, 12, 17, 25, 28, 49, 47]
2002/1/29	Tuesday	[2, 19, 21, 25, 36, 46, 18]
2002/1/28	Monday	[1, 2, 4, 11, 20, 47, 3]
2002/1/27	Sunday	[9, 12, 15, 16, 18, 44, 47]
2002/1/26	Saturday	[4, 5, 6, 21, 27, 38, 39]
2002/1/25	Friday	[2, 10, 33, 39, 41, 44, 35]
2002/1/24	Thursday	[1, 10, 16, 25, 39, 44, 45]
2002/1/23	Wednesday	[1, 7, 14, 19, 23, 24, 20]
2002/1/22	Tuesday	[2, 7, 17, 19, 33, 41, 49]
2002/1/21	Monday	[8, 10, 13, 21, 26, 28, 29]
2002/1/20	Sunday	[1, 20, 26, 31, 35, 40, 21]
2002/1/19	Saturday	[2, 5, 13, 21, 27, 44, 16]
2002/1/18	Friday	[2, 5, 27, 28, 43, 44, 17]
2002/1/17	Thursday	[6, 14, 21, 37, 46, 47, 40]
2002/1/16	Wednesday	[3, 20, 26, 27, 37, 45, 24]
2002/1/15	Tuesday	[17, 19, 23, 26, 44, 45, 3]
2002/1/14	Monday	[17, 22, 26, 32, 40, 49, 34]
2002/1/13	Sunday	[15, 17, 18, 31, 32, 46, 41]
2002/1/12	Saturday	[9, 17, 27, 39, 43, 47, 6]
2002/1/11	Friday	[8, 11, 29, 30, 40, 47, 19]
2002/1/10	Thursday	[2, 9, 13, 26, 31, 32, 45]
2002/1/9	Wednesday	[14, 21, 29, 31, 33, 39, 20]
2002/1/8	Tuesday	[5, 15, 17, 19, 25, 33, 35]
2002/1/7	Monday	[9, 11, 16, 21, 35, 49, 12]
2002/1/6	Sunday	[2, 13, 21, 24, 34, 49, 14]
2002/1/5	Saturday	[3, 23, 29, 31, 43, 44, 8]
2002/1/4	Friday	[1, 15, 24, 28, 32, 39, 18]
2002/1/3	Thursday	[15, 18, 22, 43, 47, 49, 8]
2002/1/2	Wednesday	[24, 31, 42, 45, 48, 49, 39]
2002/1/1	Tuesday	[5, 28, 34, 39, 42, 47, 35]
