Date	Day	result
2018/12/31	Monday	[7, 20, 22, 30, 33, 48, 31]
2018/12/30	Sunday	[21, 25, 32, 34, 42, 45, 6]
2018/12/29	Saturday	[8, 16, 34, 36, 37, 43, 17]
2018/12/28	Friday	[15, 16, 24, 28, 36, 40, 1]
2018/12/27	Thursday	[2, 4, 21, 27, 36, 46, 20]
2018/12/26	Wednesday	[7, 10, 18, 37, 46, 47, 25]
2018/12/24	Monday	[3, 11, 18, 30, 34, 47, 37]
2018/12/23	Sunday	[9, 10, 13, 18, 27, 41, 45]
2018/12/22	Saturday	[4, 7, 16, 23, 33, 47, 32]
2018/12/21	Friday	[1, 2, 22, 27, 31, 37, 6]
2018/12/20	Thursday	[11, 20, 36, 38, 48, 49, 29]
2018/12/19	Wednesday	[14, 16, 25, 33, 35, 38, 17]
2018/12/18	Tuesday	[4, 13, 19, 20, 26, 43, 23]
2018/12/17	Monday	[6, 13, 19, 31, 41, 46, 45]
2018/12/16	Sunday	[6, 11, 12, 17, 45, 49, 26]
2018/12/15	Saturday	[6, 14, 18, 26, 27, 49, 46]
2018/12/14	Friday	[4, 8, 12, 17, 21, 28, 14]
2018/12/13	Thursday	[16, 23, 26, 34, 36, 46, 6]
2018/12/12	Wednesday	[11, 27, 29, 41, 42, 48, 13]
2018/12/11	Tuesday	[2, 3, 12, 33, 38, 39, 10]
2018/12/10	Monday	[3, 8, 15, 26, 43, 46, 30]
2018/12/9	Sunday	[2, 8, 12, 20, 29, 40, 21]
2018/12/8	Saturday	[3, 9, 19, 26, 46, 48, 6]
2018/12/7	Friday	[1, 8, 23, 34, 38, 42, 16]
2018/12/6	Thursday	[3, 5, 15, 33, 42, 49, 28]
2018/12/5	Wednesday	[1, 6, 27, 28, 33, 41, 31]
2018/12/4	Tuesday	[6, 13, 15, 16, 46, 48, 23]
2018/12/3	Monday	[1, 19, 23, 34, 36, 37, 11]
2018/12/2	Sunday	[5, 12, 16, 18, 35, 38, 11]
2018/12/1	Saturday	[1, 12, 14, 26, 37, 42, 8]
2018/11/30	Friday	[3, 7, 26, 28, 36, 45, 38]
2018/11/29	Thursday	[2, 4, 5, 7, 11, 18, 38]
2018/11/28	Wednesday	[2, 26, 30, 32, 33, 49, 47]
2018/11/27	Tuesday	[5, 13, 36, 37, 38, 41, 42]
2018/11/26	Monday	[2, 5, 11, 13, 17, 41, 12]
2018/11/25	Sunday	[9, 19, 20, 25, 32, 47, 12]
2018/11/24	Saturday	[9, 11, 14, 17, 31, 36, 25]
2018/11/23	Friday	[5, 6, 22, 27, 32, 48, 38]
2018/11/22	Thursday	[4, 11, 15, 18, 23, 32, 42]
2018/11/21	Wednesday	[8, 11, 24, 36, 40, 49, 38]
2018/11/20	Tuesday	[2, 9, 10, 21, 42, 48, 20]
2018/11/19	Monday	[1, 12, 19, 31, 36, 42, 18]
2018/11/18	Sunday	[2, 6, 14, 18, 22, 26, 45]
2018/11/17	Saturday	[2, 14, 21, 40, 42, 46, 34]
2018/11/16	Friday	[1, 8, 19, 41, 46, 49, 10]
2018/11/15	Thursday	[6, 28, 37, 39, 42, 48, 41]
2018/11/14	Wednesday	[2, 7, 28, 36, 43, 45, 32]
2018/11/13	Tuesday	[21, 27, 30, 31, 37, 45, 16]
2018/11/12	Monday	[2, 21, 26, 27, 29, 42, 14]
2018/11/11	Sunday	[18, 20, 36, 38, 45, 48, 41]
2018/11/10	Saturday	[5, 7, 11, 27, 45, 49, 31]
2018/11/9	Friday	[2, 5, 23, 24, 29, 49, 3]
2018/11/8	Thursday	[9, 23, 36, 38, 39, 40, 21]
2018/11/7	Wednesday	[11, 12, 13, 22, 29, 33, 46]
2018/11/6	Tuesday	[6, 11, 13, 15, 19, 42, 43]
2018/11/5	Monday	[4, 15, 21, 31, 42, 48, 8]
2018/11/4	Sunday	[4, 16, 17, 26, 29, 42, 34]
2018/11/3	Saturday	[9, 22, 33, 35, 43, 49, 44]
2018/11/2	Friday	[14, 15, 31, 34, 36, 46, 9]
2018/11/1	Thursday	[3, 6, 11, 19, 41, 46, 47]
2018/10/31	Wednesday	[3, 5, 41, 43, 45, 48, 14]
2018/10/30	Tuesday	[8, 15, 18, 26, 33, 44, 14]
2018/10/29	Monday	[2, 6, 18, 30, 35, 42, 20]
2018/10/28	Sunday	[1, 12, 27, 34, 42, 44, 31]
2018/10/27	Saturday	[2, 16, 32, 38, 42, 48, 24]
2018/10/26	Friday	[11, 20, 27, 37, 41, 47, 8]
2018/10/25	Thursday	[4, 5, 7, 31, 36, 41, 14]
2018/10/24	Wednesday	[14, 19, 30, 34, 39, 43, 42]
2018/10/23	Tuesday	[9, 11, 16, 31, 36, 43, 23]
2018/10/22	Monday	[26, 28, 30, 39, 42, 49, 45]
2018/10/21	Sunday	[15, 24, 33, 37, 38, 39, 18]
2018/10/20	Saturday	[11, 17, 19, 27, 34, 43, 18]
2018/10/19	Friday	[2, 19, 21, 23, 30, 37, 27]
2018/10/18	Thursday	[10, 15, 24, 32, 35, 48, 27]
2018/10/17	Wednesday	[12, 15, 23, 25, 26, 44, 33]
2018/10/16	Tuesday	[3, 8, 20, 23, 24, 49, 26]
2018/10/15	Monday	[4, 10, 13, 19, 40, 41, 46]
2018/10/14	Sunday	[11, 13, 14, 32, 34, 40, 6]
2018/10/13	Saturday	[5, 15, 27, 29, 38, 48, 25]
2018/10/12	Friday	[12, 18, 22, 28, 32, 42, 35]
2018/10/11	Thursday	[11, 20, 24, 27, 38, 42, 35]
2018/10/10	Wednesday	[7, 12, 17, 21, 23, 25, 36]
2018/10/9	Tuesday	[5, 15, 17, 26, 41, 48, 28]
2018/10/8	Monday	[3, 6, 11, 15, 22, 29, 47]
2018/10/7	Sunday	[4, 19, 29, 30, 32, 33, 15]
2018/10/6	Saturday	[6, 14, 22, 26, 30, 36, 10]
2018/10/5	Friday	[5, 7, 8, 34, 37, 40, 26]
2018/10/4	Thursday	[2, 4, 10, 18, 35, 46, 20]
2018/10/3	Wednesday	[9, 18, 35, 39, 40, 43, 22]
2018/10/2	Tuesday	[11, 16, 18, 19, 28, 33, 7]
2018/10/1	Monday	[1, 11, 24, 36, 37, 41, 45]
2018/9/30	Sunday	[16, 30, 32, 33, 38, 49, 48]
2018/9/29	Saturday	[9, 14, 24, 42, 44, 45, 25]
2018/9/28	Friday	[1, 13, 20, 25, 34, 43, 38]
2018/9/27	Thursday	[15, 30, 40, 41, 45, 48, 47]
2018/9/26	Wednesday	[12, 26, 27, 32, 41, 44, 24]
2018/9/25	Tuesday	[7, 8, 17, 21, 29, 44, 24]
2018/9/24	Monday	[15, 26, 29, 30, 33, 46, 45]
2018/9/23	Sunday	[3, 11, 13, 15, 26, 38, 41]
2018/9/22	Saturday	[1, 13, 19, 35, 40, 47, 21]
2018/9/21	Friday	[3, 13, 14, 15, 20, 36, 44]
2018/9/20	Thursday	[2, 17, 18, 33, 38, 43, 25]
2018/9/19	Wednesday	[3, 4, 13, 17, 31, 35, 9]
2018/9/18	Tuesday	[1, 4, 6, 24, 26, 39, 42]
2018/9/17	Monday	[2, 3, 4, 12, 32, 43, 25]
2018/9/16	Sunday	[2, 14, 15, 19, 34, 35, 16]
2018/9/15	Saturday	[13, 20, 27, 29, 42, 49, 14]
2018/9/14	Friday	[10, 15, 25, 28, 45, 47, 18]
2018/9/13	Thursday	[9, 13, 19, 20, 39, 42, 3]
2018/9/12	Wednesday	[2, 5, 19, 23, 30, 40, 3]
2018/9/11	Tuesday	[7, 11, 17, 22, 33, 41, 15]
2018/9/10	Monday	[4, 17, 27, 29, 41, 46, 8]
2018/9/9	Sunday	[8, 23, 24, 29, 30, 47, 44]
2018/9/8	Saturday	[2, 11, 12, 20, 30, 40, 21]
2018/9/7	Friday	[5, 8, 11, 14, 27, 47, 24]
2018/9/6	Thursday	[6, 9, 26, 41, 46, 48, 34]
2018/9/5	Wednesday	[1, 3, 7, 10, 28, 29, 49]
2018/9/4	Tuesday	[6, 7, 11, 21, 40, 41, 25]
2018/9/3	Monday	[2, 8, 18, 28, 43, 46, 11]
2018/9/2	Sunday	[7, 10, 11, 14, 40, 44, 32]
2018/9/1	Saturday	[13, 14, 30, 31, 32, 34, 4]
2018/8/31	Friday	[6, 18, 27, 29, 32, 44, 31]
2018/8/30	Thursday	[7, 11, 21, 29, 32, 49, 34]
2018/8/29	Wednesday	[7, 8, 28, 31, 44, 46, 19]
2018/8/28	Tuesday	[17, 26, 41, 43, 46, 47, 7]
2018/8/27	Monday	[11, 22, 28, 38, 47, 49, 14]
2018/8/26	Sunday	[16, 17, 22, 27, 35, 48, 4]
2018/8/25	Saturday	[16, 23, 36, 40, 42, 46, 27]
2018/8/24	Friday	[1, 14, 31, 43, 44, 46, 6]
2018/8/23	Thursday	[2, 6, 8, 22, 25, 46, 26]
2018/8/22	Wednesday	[3, 12, 18, 19, 42, 44, 22]
2018/8/21	Tuesday	[4, 16, 24, 25, 38, 41, 2]
2018/8/20	Monday	[12, 13, 14, 15, 26, 41, 18]
2018/8/19	Sunday	[2, 7, 12, 16, 31, 36, 24]
2018/8/18	Saturday	[12, 18, 23, 28, 34, 47, 10]
2018/8/17	Friday	[3, 26, 33, 35, 36, 41, 34]
2018/8/16	Thursday	[16, 25, 36, 37, 39, 41, 12]
2018/8/15	Wednesday	[9, 10, 18, 22, 45, 49, 34]
2018/8/14	Tuesday	[2, 8, 11, 21, 30, 44, 45]
2018/8/13	Monday	[3, 5, 20, 24, 29, 33, 38]
2018/8/12	Sunday	[6, 10, 22, 28, 29, 42, 47]
2018/8/11	Saturday	[3, 7, 11, 13, 27, 41, 12]
2018/8/10	Friday	[10, 11, 12, 16, 25, 36, 20]
2018/8/9	Thursday	[4, 10, 18, 37, 40, 44, 38]
2018/8/8	Wednesday	[6, 8, 23, 24, 44, 49, 41]
2018/8/7	Tuesday	[2, 5, 16, 18, 29, 31, 38]
2018/8/6	Monday	[1, 18, 21, 22, 27, 38, 29]
2018/8/5	Sunday	[8, 20, 25, 29, 37, 48, 16]
2018/8/4	Saturday	[1, 4, 5, 7, 15, 23, 25]
2018/8/3	Friday	[7, 8, 10, 19, 38, 41, 20]
2018/8/2	Thursday	[2, 10, 18, 23, 38, 45, 43]
2018/8/1	Wednesday	[2, 10, 19, 27, 31, 39, 17]
2018/7/31	Tuesday	[14, 29, 37, 41, 43, 48, 7]
2018/7/30	Monday	[14, 21, 30, 40, 41, 42, 17]
2018/7/29	Sunday	[1, 8, 15, 24, 36, 46, 11]
2018/7/28	Saturday	[9, 12, 15, 16, 41, 46, 44]
2018/7/27	Friday	[6, 8, 19, 25, 27, 39, 15]
2018/7/26	Thursday	[1, 9, 11, 35, 40, 49, 22]
2018/7/25	Wednesday	[8, 11, 16, 25, 28, 45, 3]
2018/7/24	Tuesday	[11, 18, 21, 34, 38, 42, 14]
2018/7/23	Monday	[15, 16, 24, 30, 42, 45, 27]
2018/7/22	Sunday	[7, 23, 25, 36, 37, 43, 5]
2018/7/21	Saturday	[1, 6, 15, 16, 29, 38, 2]
2018/7/20	Friday	[19, 32, 34, 36, 44, 45, 27]
2018/7/19	Thursday	[4, 7, 13, 17, 24, 36, 48]
2018/7/18	Wednesday	[4, 31, 38, 39, 41, 48, 19]
2018/7/17	Tuesday	[12, 16, 20, 21, 25, 29, 34]
2018/7/16	Monday	[2, 7, 15, 28, 34, 46, 49]
2018/7/15	Sunday	[10, 12, 15, 17, 35, 47, 45]
2018/7/14	Saturday	[11, 16, 19, 30, 34, 48, 1]
2018/7/13	Friday	[8, 12, 14, 24, 29, 37, 42]
2018/7/12	Thursday	[13, 19, 24, 36, 41, 48, 39]
2018/7/11	Wednesday	[1, 23, 27, 31, 43, 46, 7]
2018/7/10	Tuesday	[24, 28, 31, 35, 37, 41, 42]
2018/7/9	Monday	[2, 3, 11, 15, 16, 41, 6]
2018/7/8	Sunday	[15, 16, 31, 37, 39, 40, 19]
2018/7/7	Saturday	[22, 23, 26, 30, 32, 41, 3]
2018/7/6	Friday	[2, 12, 27, 37, 42, 49, 48]
2018/7/5	Thursday	[11, 14, 20, 37, 41, 46, 7]
2018/7/4	Wednesday	[8, 20, 25, 31, 32, 49, 30]
2018/7/3	Tuesday	[1, 12, 22, 24, 28, 31, 44]
2018/7/2	Monday	[5, 9, 38, 39, 44, 45, 4]
2018/7/1	Sunday	[5, 6, 18, 22, 24, 25, 38]
2018/6/30	Saturday	[5, 16, 18, 30, 47, 48, 27]
2018/6/29	Friday	[2, 28, 32, 34, 40, 41, 35]
2018/6/28	Thursday	[2, 19, 20, 25, 36, 37, 8]
2018/6/27	Wednesday	[5, 20, 28, 37, 45, 48, 25]
2018/6/26	Tuesday	[2, 19, 39, 42, 44, 45, 21]
2018/6/25	Monday	[6, 14, 17, 18, 45, 49, 29]
2018/6/24	Sunday	[1, 2, 6, 10, 27, 32, 46]
2018/6/23	Saturday	[6, 32, 39, 40, 41, 43, 28]
2018/6/22	Friday	[3, 15, 22, 27, 32, 39, 16]
2018/6/21	Thursday	[4, 30, 31, 33, 40, 48, 32]
2018/6/20	Wednesday	[10, 16, 23, 30, 35, 47, 15]
2018/6/19	Tuesday	[16, 22, 25, 29, 31, 43, 1]
2018/6/18	Monday	[25, 29, 30, 35, 40, 44, 20]
2018/6/17	Sunday	[3, 4, 8, 31, 33, 41, 16]
2018/6/16	Saturday	[2, 16, 33, 36, 44, 46, 31]
2018/6/15	Friday	[2, 6, 29, 31, 36, 47, 16]
2018/6/14	Thursday	[6, 8, 11, 23, 24, 35, 12]
2018/6/13	Wednesday	[12, 14, 21, 40, 41, 44, 4]
2018/6/12	Tuesday	[8, 19, 24, 25, 41, 44, 1]
2018/6/11	Monday	[1, 4, 6, 7, 18, 38, 37]
2018/6/10	Sunday	[4, 9, 10, 32, 39, 40, 19]
2018/6/9	Saturday	[14, 23, 24, 32, 34, 35, 33]
2018/6/8	Friday	[16, 21, 37, 38, 43, 44, 3]
2018/6/7	Thursday	[7, 36, 37, 38, 44, 45, 15]
2018/6/6	Wednesday	[8, 25, 26, 27, 28, 42, 47]
2018/6/5	Tuesday	[6, 8, 18, 19, 30, 42, 35]
2018/6/4	Monday	[3, 11, 22, 23, 45, 46, 31]
2018/6/3	Sunday	[5, 7, 14, 20, 22, 43, 13]
2018/6/2	Saturday	[7, 19, 26, 34, 37, 38, 43]
2018/6/1	Friday	[1, 7, 15, 34, 39, 43, 18]
2018/5/31	Thursday	[1, 5, 9, 41, 42, 43, 21]
2018/5/30	Wednesday	[11, 13, 14, 15, 29, 40, 47]
2018/5/29	Tuesday	[1, 17, 30, 32, 35, 43, 37]
2018/5/28	Monday	[1, 4, 7, 9, 21, 45, 42]
2018/5/27	Sunday	[13, 17, 34, 39, 40, 49, 5]
2018/5/26	Saturday	[9, 10, 23, 24, 28, 40, 33]
2018/5/25	Friday	[1, 7, 17, 21, 26, 33, 43]
2018/5/24	Thursday	[10, 15, 22, 37, 41, 49, 12]
2018/5/23	Wednesday	[4, 10, 14, 23, 37, 41, 1]
2018/5/22	Tuesday	[1, 10, 16, 21, 24, 31, 2]
2018/5/21	Monday	[11, 16, 20, 22, 27, 47, 37]
2018/5/20	Sunday	[22, 37, 38, 42, 44, 45, 35]
2018/5/19	Saturday	[5, 7, 32, 39, 42, 46, 21]
2018/5/18	Friday	[14, 22, 25, 34, 38, 48, 6]
2018/5/17	Thursday	[1, 9, 15, 16, 34, 36, 42]
2018/5/16	Wednesday	[4, 11, 12, 16, 23, 28, 39]
2018/5/15	Tuesday	[4, 5, 26, 28, 31, 44, 34]
2018/5/14	Monday	[20, 24, 33, 37, 44, 45, 48]
2018/5/13	Sunday	[8, 12, 29, 30, 32, 49, 21]
2018/5/12	Saturday	[8, 10, 11, 29, 37, 44, 45]
2018/5/11	Friday	[15, 32, 35, 42, 44, 48, 47]
2018/5/10	Thursday	[26, 27, 28, 30, 41, 48, 17]
2018/5/9	Wednesday	[13, 23, 28, 35, 37, 39, 29]
2018/5/8	Tuesday	[5, 8, 17, 30, 34, 49, 40]
2018/5/7	Monday	[4, 9, 29, 31, 36, 43, 38]
2018/5/6	Sunday	[3, 23, 28, 30, 43, 47, 31]
2018/5/5	Saturday	[6, 7, 17, 20, 39, 49, 3]
2018/5/4	Friday	[1, 18, 42, 47, 48, 49, 26]
2018/5/3	Thursday	[4, 8, 28, 37, 38, 47, 46]
2018/5/2	Wednesday	[1, 21, 22, 31, 37, 41, 8]
2018/5/1	Tuesday	[5, 12, 14, 20, 21, 29, 13]
2018/4/30	Monday	[1, 7, 20, 32, 33, 47, 14]
2018/4/29	Sunday	[1, 5, 10, 12, 15, 22, 35]
2018/4/28	Saturday	[1, 3, 12, 13, 15, 18, 26]
2018/4/27	Friday	[7, 13, 16, 34, 42, 44, 26]
2018/4/26	Thursday	[14, 20, 24, 27, 29, 34, 35]
2018/4/25	Wednesday	[9, 32, 43, 44, 45, 46, 21]
2018/4/24	Tuesday	[2, 9, 13, 16, 17, 24, 10]
2018/4/23	Monday	[9, 14, 24, 33, 43, 49, 48]
2018/4/22	Sunday	[7, 18, 20, 28, 29, 42, 43]
2018/4/21	Saturday	[13, 17, 25, 29, 40, 44, 33]
2018/4/20	Friday	[3, 4, 11, 12, 20, 35, 22]
2018/4/19	Thursday	[23, 27, 28, 32, 34, 39, 10]
2018/4/18	Wednesday	[12, 20, 23, 25, 40, 47, 6]
2018/4/17	Tuesday	[11, 20, 35, 36, 37, 44, 27]
2018/4/16	Monday	[2, 9, 12, 19, 24, 45, 6]
2018/4/15	Sunday	[5, 11, 15, 21, 27, 37, 30]
2018/4/14	Saturday	[1, 3, 13, 19, 33, 42, 26]
2018/4/13	Friday	[4, 13, 19, 30, 31, 48, 20]
2018/4/12	Thursday	[1, 15, 18, 24, 25, 36, 8]
2018/4/11	Wednesday	[2, 11, 15, 31, 35, 36, 42]
2018/4/10	Tuesday	[11, 21, 25, 30, 46, 49, 10]
2018/4/9	Monday	[2, 7, 12, 15, 19, 37, 5]
2018/4/8	Sunday	[2, 3, 13, 23, 34, 48, 4]
2018/4/7	Saturday	[2, 6, 36, 37, 44, 48, 35]
2018/4/6	Friday	[5, 9, 29, 30, 31, 41, 39]
2018/4/5	Thursday	[2, 3, 16, 18, 28, 33, 5]
2018/4/4	Wednesday	[25, 26, 31, 38, 39, 47, 46]
2018/4/3	Tuesday	[3, 8, 20, 26, 42, 47, 13]
2018/4/2	Monday	[4, 13, 32, 33, 34, 48, 22]
2018/4/1	Sunday	[2, 12, 15, 17, 20, 28, 37]
2018/3/31	Saturday	[1, 4, 8, 12, 16, 24, 38]
2018/3/30	Friday	[11, 18, 19, 24, 29, 41, 5]
2018/3/29	Thursday	[12, 22, 25, 28, 37, 47, 39]
2018/3/28	Wednesday	[14, 20, 23, 37, 38, 47, 40]
2018/3/27	Tuesday	[1, 23, 28, 34, 42, 43, 7]
2018/3/26	Monday	[4, 10, 15, 44, 47, 48, 32]
2018/3/25	Sunday	[22, 28, 30, 36, 43, 45, 8]
2018/3/24	Saturday	[2, 6, 11, 25, 33, 48, 20]
2018/3/23	Friday	[5, 10, 20, 23, 26, 42, 25]
2018/3/22	Thursday	[7, 10, 19, 29, 30, 43, 18]
2018/3/21	Wednesday	[3, 4, 16, 19, 30, 48, 47]
2018/3/20	Tuesday	[17, 26, 27, 39, 46, 47, 28]
2018/3/19	Monday	[5, 12, 21, 24, 28, 41, 32]
2018/3/18	Sunday	[5, 10, 17, 28, 31, 35, 41]
2018/3/17	Saturday	[6, 27, 29, 32, 45, 47, 33]
2018/3/16	Friday	[8, 10, 17, 23, 31, 38, 35]
2018/3/15	Thursday	[18, 22, 30, 33, 35, 40, 9]
2018/3/14	Wednesday	[2, 5, 15, 29, 39, 42, 45]
2018/3/13	Tuesday	[7, 14, 23, 35, 36, 44, 27]
2018/3/12	Monday	[3, 9, 18, 30, 36, 48, 11]
2018/3/11	Sunday	[2, 5, 28, 34, 45, 49, 44]
2018/3/10	Saturday	[6, 8, 30, 39, 40, 43, 36]
2018/3/9	Friday	[7, 10, 19, 23, 33, 43, 47]
2018/3/8	Thursday	[3, 8, 17, 22, 26, 44, 49]
2018/3/7	Wednesday	[4, 9, 12, 19, 31, 42, 25]
2018/3/6	Tuesday	[1, 6, 10, 15, 27, 37, 45]
2018/3/5	Monday	[14, 15, 20, 25, 32, 48, 19]
2018/3/4	Sunday	[25, 27, 29, 37, 46, 49, 8]
2018/3/3	Saturday	[1, 3, 7, 40, 41, 49, 19]
2018/3/2	Friday	[8, 11, 24, 39, 46, 48, 18]
2018/3/1	Thursday	[19, 23, 26, 32, 35, 42, 22]
2018/2/28	Wednesday	[3, 17, 22, 36, 38, 45, 40]
2018/2/27	Tuesday	[6, 7, 11, 21, 35, 46, 5]
2018/2/26	Monday	[14, 15, 27, 35, 40, 42, 19]
2018/2/25	Sunday	[1, 10, 16, 28, 38, 44, 34]
2018/2/24	Saturday	[4, 19, 22, 35, 37, 46, 44]
2018/2/23	Friday	[1, 5, 6, 25, 33, 45, 40]
2018/2/22	Thursday	[19, 23, 24, 28, 42, 47, 34]
2018/2/21	Wednesday	[1, 17, 35, 43, 44, 45, 24]
2018/2/20	Tuesday	[4, 7, 8, 21, 33, 47, 17]
2018/2/19	Monday	[3, 18, 29, 37, 40, 48, 10]
2018/2/18	Sunday	[18, 19, 24, 37, 40, 45, 29]
2018/2/17	Saturday	[4, 15, 16, 37, 40, 46, 26]
2018/2/16	Friday	[12, 13, 27, 41, 43, 44, 30]
2018/2/15	Thursday	[5, 18, 37, 38, 48, 49, 26]
2018/2/14	Wednesday	[10, 23, 33, 42, 48, 49, 46]
2018/2/13	Tuesday	[5, 7, 17, 20, 24, 47, 37]
2018/2/12	Monday	[14, 17, 19, 25, 39, 43, 15]
2018/2/11	Sunday	[7, 9, 14, 29, 33, 37, 34]
2018/2/10	Saturday	[20, 21, 25, 32, 45, 48, 29]
2018/2/9	Friday	[4, 5, 10, 14, 16, 41, 1]
2018/2/8	Thursday	[1, 12, 37, 39, 42, 47, 3]
2018/2/7	Wednesday	[2, 5, 30, 31, 40, 41, 18]
2018/2/6	Tuesday	[6, 14, 21, 25, 28, 33, 31]
2018/2/5	Monday	[4, 18, 23, 36, 41, 49, 35]
2018/2/4	Sunday	[2, 3, 11, 18, 33, 34, 44]
2018/2/3	Saturday	[10, 15, 27, 34, 38, 42, 19]
2018/2/2	Friday	[2, 29, 30, 33, 42, 47, 10]
2018/2/1	Thursday	[15, 25, 28, 29, 37, 45, 22]
2018/1/31	Wednesday	[4, 9, 16, 27, 38, 44, 17]
2018/1/30	Tuesday	[9, 10, 12, 14, 20, 35, 26]
2018/1/29	Monday	[4, 26, 27, 28, 38, 43, 16]
2018/1/28	Sunday	[11, 20, 31, 34, 44, 48, 17]
2018/1/27	Saturday	[7, 12, 17, 22, 27, 49, 20]
2018/1/26	Friday	[9, 12, 14, 35, 37, 39, 29]
2018/1/25	Thursday	[9, 11, 20, 24, 44, 45, 35]
2018/1/24	Wednesday	[13, 36, 38, 43, 45, 47, 32]
2018/1/23	Tuesday	[4, 5, 7, 32, 34, 45, 24]
2018/1/22	Monday	[4, 12, 17, 18, 25, 49, 21]
2018/1/21	Sunday	[5, 11, 21, 24, 34, 41, 9]
2018/1/20	Saturday	[2, 17, 36, 39, 42, 46, 33]
2018/1/19	Friday	[7, 10, 15, 17, 25, 27, 4]
2018/1/18	Thursday	[12, 17, 30, 31, 48, 49, 23]
2018/1/17	Wednesday	[3, 4, 5, 17, 42, 43, 34]
2018/1/16	Tuesday	[11, 14, 25, 35, 41, 45, 16]
2018/1/15	Monday	[1, 2, 15, 27, 34, 40, 39]
2018/1/14	Sunday	[2, 6, 16, 28, 39, 40, 22]
2018/1/13	Saturday	[5, 14, 21, 25, 34, 41, 12]
2018/1/12	Friday	[4, 5, 18, 26, 43, 48, 16]
2018/1/11	Thursday	[4, 5, 6, 25, 26, 31, 16]
2018/1/10	Wednesday	[24, 36, 41, 43, 47, 48, 32]
2018/1/9	Tuesday	[12, 19, 36, 37, 39, 42, 28]
2018/1/8	Monday	[3, 14, 16, 29, 36, 47, 26]
2018/1/7	Sunday	[3, 22, 31, 32, 37, 41, 34]
2018/1/6	Saturday	[4, 6, 12, 19, 29, 41, 13]
2018/1/5	Friday	[30, 31, 40, 42, 43, 49, 44]
2018/1/4	Thursday	[9, 12, 19, 23, 24, 39, 43]
2018/1/3	Wednesday	[13, 20, 30, 32, 41, 49, 1]
2018/1/2	Tuesday	[1, 2, 32, 34, 39, 42, 33]
2018/1/1	Monday	[10, 11, 14, 32, 39, 45, 43]
