Date	Day	result
2012/12/31	Monday	[16, 17, 22, 23, 30, 32, 46]
2012/12/30	Sunday	[1, 2, 11, 16, 36, 40, 31]
2012/12/29	Saturday	[8, 20, 31, 42, 48, 49, 12]
2012/12/28	Friday	[12, 13, 20, 26, 27, 28, 47]
2012/12/27	Thursday	[5, 10, 13, 20, 34, 49, 17]
2012/12/26	Wednesday	[10, 19, 25, 28, 37, 47, 49]
2012/12/24	Monday	[5, 10, 28, 30, 34, 44, 16]
2012/12/23	Sunday	[3, 10, 14, 16, 18, 49, 2]
2012/12/22	Saturday	[6, 13, 19, 21, 22, 36, 2]
2012/12/21	Friday	[7, 9, 11, 12, 13, 23, 35]
2012/12/20	Thursday	[7, 11, 15, 24, 25, 36, 20]
2012/12/19	Wednesday	[11, 20, 29, 32, 42, 47, 34]
2012/12/18	Tuesday	[14, 17, 20, 21, 29, 35, 3]
2012/12/17	Monday	[5, 7, 12, 20, 40, 49, 1]
2012/12/16	Sunday	[3, 8, 16, 18, 24, 44, 30]
2012/12/15	Saturday	[13, 18, 20, 21, 29, 41, 33]
2012/12/14	Friday	[12, 32, 34, 36, 42, 43, 9]
2012/12/13	Thursday	[1, 4, 10, 11, 29, 32, 19]
2012/12/12	Wednesday	[7, 13, 35, 37, 38, 44, 16]
2012/12/11	Tuesday	[3, 6, 10, 29, 37, 40, 20]
2012/12/10	Monday	[8, 17, 27, 36, 42, 48, 41]
2012/12/9	Sunday	[14, 15, 22, 34, 35, 47, 17]
2012/12/8	Saturday	[21, 23, 25, 33, 44, 48, 40]
2012/12/7	Friday	[25, 29, 32, 37, 39, 40, 18]
2012/12/6	Thursday	[14, 18, 24, 27, 28, 42, 22]
2012/12/5	Wednesday	[20, 32, 34, 36, 37, 41, 27]
2012/12/4	Tuesday	[5, 7, 17, 31, 36, 40, 24]
2012/12/3	Monday	[9, 16, 18, 31, 38, 40, 35]
2012/12/2	Sunday	[3, 14, 31, 34, 43, 49, 17]
2012/12/1	Saturday	[8, 9, 17, 21, 29, 44, 26]
2012/11/30	Friday	[4, 8, 12, 16, 26, 48, 29]
2012/11/29	Thursday	[12, 31, 34, 36, 46, 49, 2]
2012/11/28	Wednesday	[7, 8, 31, 35, 41, 44, 1]
2012/11/27	Tuesday	[16, 17, 20, 27, 32, 39, 13]
2012/11/26	Monday	[24, 25, 27, 40, 42, 46, 15]
2012/11/25	Sunday	[8, 18, 19, 30, 40, 48, 22]
2012/11/24	Saturday	[10, 13, 19, 28, 40, 49, 24]
2012/11/23	Friday	[2, 7, 8, 11, 24, 28, 34]
2012/11/22	Thursday	[2, 6, 22, 31, 32, 40, 28]
2012/11/21	Wednesday	[7, 19, 23, 28, 43, 46, 15]
2012/11/20	Tuesday	[3, 6, 25, 41, 43, 46, 17]
2012/11/19	Monday	[4, 5, 7, 9, 21, 36, 8]
2012/11/18	Sunday	[3, 31, 36, 44, 46, 48, 1]
2012/11/17	Saturday	[1, 18, 34, 36, 39, 44, 32]
2012/11/16	Friday	[11, 20, 31, 36, 37, 45, 26]
2012/11/15	Thursday	[1, 3, 4, 13, 18, 48, 12]
2012/11/14	Wednesday	[15, 21, 23, 43, 45, 49, 7]
2012/11/13	Tuesday	[1, 12, 22, 23, 37, 47, 25]
2012/11/12	Monday	[2, 9, 17, 31, 33, 34, 13]
2012/11/11	Sunday	[21, 31, 36, 41, 47, 49, 30]
2012/11/10	Saturday	[3, 15, 21, 29, 45, 49, 8]
2012/11/9	Friday	[4, 20, 22, 24, 39, 49, 12]
2012/11/8	Thursday	[1, 2, 10, 16, 33, 34, 12]
2012/11/7	Wednesday	[10, 15, 22, 44, 45, 47, 49]
2012/11/6	Tuesday	[2, 4, 9, 22, 29, 37, 16]
2012/11/5	Monday	[28, 38, 43, 44, 48, 49, 8]
2012/11/4	Sunday	[3, 4, 5, 29, 32, 38, 33]
2012/11/3	Saturday	[6, 12, 20, 22, 31, 45, 11]
2012/11/2	Friday	[13, 16, 24, 27, 38, 39, 14]
2012/11/1	Thursday	[1, 10, 21, 23, 32, 39, 28]
2012/10/31	Wednesday	[3, 7, 11, 15, 21, 31, 5]
2012/10/30	Tuesday	[3, 4, 17, 21, 28, 36, 11]
2012/10/29	Monday	[2, 11, 22, 29, 41, 44, 3]
2012/10/28	Sunday	[1, 10, 20, 24, 32, 35, 17]
2012/10/27	Saturday	[4, 5, 18, 36, 37, 44, 12]
2012/10/26	Friday	[4, 10, 11, 25, 30, 39, 13]
2012/10/25	Thursday	[5, 24, 33, 38, 41, 43, 31]
2012/10/24	Wednesday	[2, 27, 34, 38, 47, 49, 26]
2012/10/23	Tuesday	[5, 6, 7, 22, 25, 46, 12]
2012/10/22	Monday	[4, 11, 19, 29, 41, 49, 27]
2012/10/21	Sunday	[9, 14, 21, 24, 26, 42, 46]
2012/10/20	Saturday	[6, 12, 35, 36, 44, 46, 15]
2012/10/19	Friday	[19, 20, 22, 24, 25, 37, 46]
2012/10/18	Thursday	[27, 29, 34, 44, 45, 48, 33]
2012/10/17	Wednesday	[7, 21, 24, 34, 40, 49, 15]
2012/10/16	Tuesday	[3, 8, 16, 17, 27, 47, 7]
2012/10/15	Monday	[6, 11, 14, 23, 25, 27, 9]
2012/10/14	Sunday	[12, 17, 23, 36, 40, 42, 46]
2012/10/13	Saturday	[18, 21, 25, 29, 39, 49, 1]
2012/10/12	Friday	[6, 8, 23, 34, 40, 49, 28]
2012/10/11	Thursday	[3, 4, 37, 43, 44, 46, 48]
2012/10/10	Wednesday	[16, 28, 31, 38, 39, 46, 4]
2012/10/9	Tuesday	[17, 23, 29, 37, 41, 47, 22]
2012/10/8	Monday	[14, 22, 24, 31, 36, 41, 4]
2012/10/7	Sunday	[1, 2, 28, 30, 35, 44, 38]
2012/10/6	Saturday	[16, 18, 26, 27, 31, 35, 39]
2012/10/5	Friday	[13, 20, 22, 30, 46, 49, 27]
2012/10/4	Thursday	[9, 17, 21, 38, 45, 49, 31]
2012/10/3	Wednesday	[3, 12, 14, 17, 26, 27, 31]
2012/10/2	Tuesday	[6, 27, 29, 30, 32, 44, 40]
2012/10/1	Monday	[7, 8, 10, 15, 20, 49, 39]
2012/9/30	Sunday	[2, 7, 8, 16, 23, 42, 37]
2012/9/29	Saturday	[2, 8, 9, 13, 21, 28, 1]
2012/9/28	Friday	[5, 7, 9, 23, 27, 30, 4]
2012/9/27	Thursday	[1, 9, 10, 31, 33, 47, 4]
2012/9/26	Wednesday	[7, 9, 10, 29, 35, 39, 47]
2012/9/25	Tuesday	[2, 6, 11, 31, 44, 46, 27]
2012/9/24	Monday	[1, 11, 14, 22, 26, 36, 43]
2012/9/23	Sunday	[2, 6, 10, 12, 19, 37, 26]
2012/9/22	Saturday	[12, 18, 21, 30, 34, 36, 29]
2012/9/21	Friday	[3, 14, 15, 18, 43, 48, 24]
2012/9/20	Thursday	[16, 19, 21, 31, 36, 39, 12]
2012/9/19	Wednesday	[2, 5, 8, 14, 32, 42, 11]
2012/9/18	Tuesday	[2, 4, 27, 38, 39, 49, 19]
2012/9/17	Monday	[15, 18, 22, 24, 31, 42, 5]
2012/9/16	Sunday	[11, 24, 39, 47, 48, 49, 33]
2012/9/15	Saturday	[1, 20, 21, 31, 38, 45, 34]
2012/9/14	Friday	[10, 26, 30, 44, 46, 49, 47]
2012/9/13	Thursday	[37, 40, 43, 44, 47, 48, 45]
2012/9/12	Wednesday	[3, 14, 18, 22, 28, 39, 35]
2012/9/11	Tuesday	[2, 12, 22, 27, 29, 34, 18]
2012/9/10	Monday	[6, 16, 23, 34, 38, 41, 25]
2012/9/9	Sunday	[2, 4, 6, 9, 16, 32, 44]
2012/9/8	Saturday	[8, 15, 16, 19, 24, 36, 25]
2012/9/7	Friday	[2, 15, 31, 39, 41, 42, 5]
2012/9/6	Thursday	[19, 21, 25, 33, 34, 47, 30]
2012/9/5	Wednesday	[7, 10, 14, 16, 33, 34, 5]
2012/9/4	Tuesday	[3, 5, 9, 12, 30, 45, 37]
2012/9/3	Monday	[9, 14, 20, 29, 31, 36, 47]
2012/9/2	Sunday	[4, 6, 19, 30, 41, 46, 35]
2012/9/1	Saturday	[8, 30, 31, 35, 42, 48, 1]
2012/8/31	Friday	[10, 14, 34, 36, 37, 43, 32]
2012/8/30	Thursday	[5, 13, 15, 25, 26, 29, 42]
2012/8/29	Wednesday	[2, 3, 7, 10, 16, 35, 30]
2012/8/28	Tuesday	[18, 20, 23, 24, 31, 41, 27]
2012/8/27	Monday	[1, 3, 8, 15, 31, 34, 6]
2012/8/26	Sunday	[3, 5, 12, 19, 21, 35, 34]
2012/8/25	Saturday	[3, 8, 9, 18, 19, 31, 40]
2012/8/24	Friday	[12, 13, 21, 22, 26, 40, 48]
2012/8/23	Thursday	[25, 29, 32, 33, 34, 39, 49]
2012/8/22	Wednesday	[3, 15, 21, 39, 40, 45, 22]
2012/8/21	Tuesday	[1, 8, 29, 39, 43, 48, 47]
2012/8/20	Monday	[7, 13, 17, 38, 48, 49, 36]
2012/8/19	Sunday	[7, 10, 15, 32, 34, 47, 30]
2012/8/18	Saturday	[12, 15, 21, 27, 41, 49, 9]
2012/8/17	Friday	[22, 24, 33, 37, 46, 49, 44]
2012/8/16	Thursday	[4, 11, 27, 31, 32, 35, 46]
2012/8/15	Wednesday	[1, 9, 20, 27, 39, 40, 33]
2012/8/14	Tuesday	[1, 2, 6, 21, 39, 49, 28]
2012/8/13	Monday	[4, 12, 30, 40, 47, 49, 24]
2012/8/12	Sunday	[1, 2, 4, 9, 15, 41, 38]
2012/8/11	Saturday	[5, 18, 25, 30, 47, 48, 38]
2012/8/10	Friday	[3, 26, 37, 41, 42, 47, 27]
2012/8/9	Thursday	[2, 14, 24, 29, 34, 40, 17]
2012/8/8	Wednesday	[3, 9, 20, 35, 41, 42, 11]
2012/8/7	Tuesday	[1, 3, 8, 12, 27, 49, 34]
2012/8/6	Monday	[1, 4, 12, 23, 44, 45, 3]
2012/8/5	Sunday	[17, 25, 29, 30, 33, 49, 40]
2012/8/4	Saturday	[9, 21, 27, 28, 30, 39, 29]
2012/8/3	Friday	[7, 8, 11, 25, 28, 32, 18]
2012/8/2	Thursday	[6, 26, 28, 29, 39, 44, 31]
2012/8/1	Wednesday	[5, 30, 34, 36, 41, 47, 25]
2012/7/31	Tuesday	[9, 15, 17, 24, 34, 38, 32]
2012/7/30	Monday	[10, 22, 25, 26, 32, 46, 8]
2012/7/29	Sunday	[13, 18, 29, 36, 43, 47, 6]
2012/7/28	Saturday	[2, 15, 22, 26, 37, 46, 21]
2012/7/27	Friday	[6, 7, 8, 38, 47, 48, 16]
2012/7/26	Thursday	[4, 7, 19, 36, 41, 45, 44]
2012/7/25	Wednesday	[10, 20, 28, 32, 39, 49, 35]
2012/7/24	Tuesday	[5, 10, 32, 39, 40, 42, 28]
2012/7/23	Monday	[2, 4, 13, 21, 31, 43, 27]
2012/7/22	Sunday	[2, 9, 23, 26, 41, 49, 48]
2012/7/21	Saturday	[6, 12, 26, 36, 37, 40, 15]
2012/7/20	Friday	[21, 23, 28, 40, 44, 45, 46]
2012/7/19	Thursday	[18, 22, 24, 29, 39, 48, 17]
2012/7/18	Wednesday	[6, 12, 19, 36, 40, 42, 44]
2012/7/17	Tuesday	[5, 9, 18, 25, 27, 39, 6]
2012/7/16	Monday	[2, 8, 10, 14, 19, 45, 34]
2012/7/15	Sunday	[3, 9, 17, 20, 28, 44, 40]
2012/7/14	Saturday	[2, 3, 15, 19, 32, 33, 10]
2012/7/13	Friday	[4, 19, 25, 31, 35, 37, 3]
2012/7/12	Thursday	[3, 23, 29, 33, 36, 49, 30]
2012/7/11	Wednesday	[9, 20, 38, 43, 44, 45, 6]
2012/7/10	Tuesday	[9, 11, 13, 31, 39, 47, 8]
2012/7/9	Monday	[6, 8, 18, 29, 31, 37, 10]
2012/7/8	Sunday	[4, 6, 13, 16, 20, 39, 41]
2012/7/7	Saturday	[2, 13, 17, 29, 38, 39, 23]
2012/7/6	Friday	[12, 13, 15, 27, 29, 46, 48]
2012/7/5	Thursday	[6, 17, 24, 26, 30, 36, 5]
2012/7/4	Wednesday	[4, 6, 12, 16, 24, 48, 35]
2012/7/3	Tuesday	[3, 4, 9, 24, 42, 48, 27]
2012/7/2	Monday	[1, 6, 7, 17, 26, 29, 14]
2012/7/1	Sunday	[2, 20, 23, 30, 36, 40, 31]
2012/6/30	Saturday	[2, 7, 9, 19, 45, 49, 23]
2012/6/29	Friday	[7, 20, 22, 26, 40, 45, 42]
2012/6/28	Thursday	[13, 33, 36, 37, 39, 42, 38]
2012/6/27	Wednesday	[2, 7, 9, 10, 14, 49, 8]
2012/6/26	Tuesday	[1, 7, 9, 24, 26, 30, 23]
2012/6/25	Monday	[7, 21, 24, 28, 45, 47, 6]
2012/6/24	Sunday	[1, 14, 17, 40, 41, 48, 2]
2012/6/23	Saturday	[16, 19, 24, 28, 38, 41, 11]
2012/6/22	Friday	[16, 17, 18, 30, 32, 37, 19]
2012/6/21	Thursday	[9, 17, 24, 25, 32, 43, 28]
2012/6/20	Wednesday	[3, 27, 30, 39, 46, 47, 17]
2012/6/19	Tuesday	[10, 11, 21, 29, 38, 41, 19]
2012/6/18	Monday	[4, 7, 23, 32, 33, 35, 26]
2012/6/17	Sunday	[22, 31, 40, 42, 45, 49, 2]
2012/6/16	Saturday	[10, 12, 17, 28, 40, 45, 33]
2012/6/15	Friday	[1, 10, 21, 28, 42, 43, 26]
2012/6/14	Thursday	[14, 16, 24, 32, 41, 49, 26]
2012/6/13	Wednesday	[17, 21, 25, 34, 36, 40, 42]
2012/6/12	Tuesday	[15, 29, 33, 37, 39, 48, 2]
2012/6/11	Monday	[7, 24, 32, 35, 42, 46, 44]
2012/6/10	Sunday	[4, 11, 14, 26, 34, 44, 19]
2012/6/9	Saturday	[16, 27, 36, 43, 45, 46, 21]
2012/6/8	Friday	[6, 20, 22, 30, 35, 38, 10]
2012/6/7	Thursday	[18, 21, 25, 40, 41, 46, 13]
2012/6/6	Wednesday	[7, 22, 23, 36, 37, 43, 16]
2012/6/5	Tuesday	[11, 13, 22, 31, 39, 43, 49]
2012/6/4	Monday	[8, 28, 38, 40, 42, 48, 37]
2012/6/3	Sunday	[2, 14, 27, 36, 39, 43, 19]
2012/6/2	Saturday	[4, 5, 6, 16, 19, 23, 34]
2012/6/1	Friday	[15, 17, 21, 22, 32, 34, 47]
2012/5/31	Thursday	[2, 3, 19, 24, 25, 32, 30]
2012/5/30	Wednesday	[4, 17, 21, 28, 46, 47, 1]
2012/5/29	Tuesday	[6, 13, 16, 18, 19, 26, 15]
2012/5/28	Monday	[7, 16, 18, 23, 32, 43, 11]
2012/5/27	Sunday	[3, 7, 12, 26, 34, 49, 5]
2012/5/26	Saturday	[11, 12, 22, 25, 48, 49, 26]
2012/5/25	Friday	[10, 30, 39, 41, 46, 47, 11]
2012/5/24	Thursday	[10, 30, 40, 42, 44, 45, 13]
2012/5/23	Wednesday	[13, 14, 20, 21, 30, 32, 37]
2012/5/22	Tuesday	[14, 17, 25, 36, 38, 44, 16]
2012/5/21	Monday	[1, 10, 16, 26, 28, 35, 2]
2012/5/20	Sunday	[5, 9, 14, 21, 32, 39, 31]
2012/5/19	Saturday	[5, 12, 16, 18, 32, 38, 15]
2012/5/18	Friday	[3, 11, 12, 22, 32, 40, 31]
2012/5/17	Thursday	[2, 11, 17, 20, 37, 46, 16]
2012/5/16	Wednesday	[12, 20, 27, 43, 45, 48, 49]
2012/5/15	Tuesday	[2, 10, 17, 20, 42, 44, 21]
2012/5/14	Monday	[8, 10, 16, 25, 35, 46, 12]
2012/5/13	Sunday	[4, 7, 8, 12, 20, 35, 39]
2012/5/12	Saturday	[4, 14, 18, 26, 42, 47, 27]
2012/5/11	Friday	[4, 18, 32, 34, 42, 44, 26]
2012/5/10	Thursday	[9, 17, 21, 26, 27, 39, 2]
2012/5/9	Wednesday	[23, 24, 25, 34, 43, 46, 40]
2012/5/8	Tuesday	[27, 28, 32, 42, 45, 48, 30]
2012/5/7	Monday	[12, 23, 34, 36, 43, 49, 10]
2012/5/6	Sunday	[5, 16, 33, 37, 45, 49, 47]
2012/5/5	Saturday	[16, 17, 25, 32, 44, 47, 7]
2012/5/4	Friday	[1, 16, 18, 22, 27, 32, 46]
2012/5/3	Thursday	[16, 28, 32, 34, 46, 47, 43]
2012/5/2	Wednesday	[2, 6, 17, 19, 40, 44, 41]
2012/5/1	Tuesday	[8, 13, 18, 19, 34, 40, 17]
2012/4/30	Monday	[9, 16, 20, 21, 23, 47, 8]
2012/4/29	Sunday	[3, 14, 17, 18, 42, 43, 30]
2012/4/28	Saturday	[1, 13, 21, 24, 31, 49, 25]
2012/4/27	Friday	[7, 22, 34, 36, 46, 49, 24]
2012/4/26	Thursday	[1, 9, 13, 25, 43, 49, 32]
2012/4/25	Wednesday	[13, 14, 27, 29, 35, 44, 41]
2012/4/24	Tuesday	[11, 25, 26, 33, 41, 49, 29]
2012/4/23	Monday	[1, 11, 16, 21, 23, 38, 35]
2012/4/22	Sunday	[4, 13, 17, 23, 32, 45, 42]
2012/4/21	Saturday	[1, 14, 23, 25, 34, 39, 40]
2012/4/20	Friday	[11, 14, 17, 27, 36, 39, 20]
2012/4/19	Thursday	[18, 20, 27, 37, 43, 48, 4]
2012/4/18	Wednesday	[11, 30, 36, 39, 41, 49, 17]
2012/4/17	Tuesday	[2, 7, 13, 34, 41, 45, 3]
2012/4/16	Monday	[1, 15, 20, 21, 27, 44, 41]
2012/4/15	Sunday	[8, 17, 21, 24, 42, 45, 46]
2012/4/14	Saturday	[5, 8, 14, 20, 23, 30, 6]
2012/4/13	Friday	[6, 12, 16, 24, 27, 28, 37]
2012/4/12	Thursday	[11, 12, 15, 37, 40, 45, 9]
2012/4/11	Wednesday	[3, 9, 31, 41, 43, 48, 21]
2012/4/10	Tuesday	[9, 10, 11, 15, 20, 47, 49]
2012/4/9	Monday	[5, 10, 24, 27, 31, 33, 12]
2012/4/8	Sunday	[8, 13, 16, 21, 22, 25, 20]
2012/4/7	Saturday	[1, 11, 26, 34, 36, 45, 43]
2012/4/6	Friday	[5, 7, 13, 15, 18, 49, 31]
2012/4/5	Thursday	[13, 15, 21, 34, 39, 49, 35]
2012/4/4	Wednesday	[9, 10, 11, 39, 41, 42, 36]
2012/4/3	Tuesday	[19, 24, 30, 32, 36, 40, 22]
2012/4/2	Monday	[1, 12, 14, 26, 28, 47, 6]
2012/4/1	Sunday	[8, 17, 19, 20, 48, 49, 10]
2012/3/31	Saturday	[4, 8, 12, 20, 27, 43, 10]
2012/3/30	Friday	[6, 14, 17, 23, 35, 45, 39]
2012/3/29	Thursday	[2, 11, 14, 35, 38, 41, 31]
2012/3/28	Wednesday	[9, 15, 22, 25, 31, 47, 40]
2012/3/27	Tuesday	[1, 8, 10, 15, 18, 49, 29]
2012/3/26	Monday	[8, 16, 18, 39, 40, 43, 12]
2012/3/25	Sunday	[5, 8, 13, 17, 33, 40, 48]
2012/3/24	Saturday	[14, 18, 21, 23, 24, 34, 33]
2012/3/23	Friday	[9, 15, 22, 32, 44, 48, 47]
2012/3/22	Thursday	[17, 22, 26, 30, 41, 47, 39]
2012/3/21	Wednesday	[10, 20, 21, 33, 37, 41, 29]
2012/3/20	Tuesday	[3, 8, 18, 25, 33, 35, 22]
2012/3/19	Monday	[11, 26, 33, 42, 47, 49, 6]
2012/3/18	Sunday	[12, 22, 29, 38, 44, 49, 30]
2012/3/17	Saturday	[14, 25, 29, 39, 41, 45, 42]
2012/3/16	Friday	[3, 6, 8, 13, 16, 26, 23]
2012/3/15	Thursday	[16, 19, 22, 38, 46, 49, 3]
2012/3/14	Wednesday	[9, 16, 18, 28, 45, 47, 6]
2012/3/13	Tuesday	[14, 15, 18, 19, 20, 34, 16]
2012/3/12	Monday	[4, 6, 8, 21, 27, 32, 36]
2012/3/11	Sunday	[7, 13, 18, 23, 27, 40, 33]
2012/3/10	Saturday	[4, 8, 26, 31, 34, 43, 18]
2012/3/9	Friday	[12, 15, 16, 22, 39, 42, 48]
2012/3/8	Thursday	[7, 27, 40, 41, 44, 47, 20]
2012/3/7	Wednesday	[7, 19, 21, 27, 32, 42, 44]
2012/3/6	Tuesday	[2, 4, 5, 15, 20, 23, 39]
2012/3/5	Monday	[5, 22, 32, 40, 41, 49, 20]
2012/3/4	Sunday	[7, 8, 15, 18, 19, 31, 28]
2012/3/3	Saturday	[4, 13, 23, 31, 37, 39, 19]
2012/3/2	Friday	[5, 7, 10, 16, 23, 34, 6]
2012/3/1	Thursday	[3, 15, 23, 24, 30, 32, 43]
2012/2/29	Wednesday	[4, 9, 11, 26, 38, 44, 32]
2012/2/28	Tuesday	[16, 18, 34, 35, 37, 42, 21]
2012/2/27	Monday	[7, 9, 30, 31, 39, 42, 48]
2012/2/26	Sunday	[16, 18, 30, 35, 38, 45, 43]
2012/2/25	Saturday	[14, 22, 23, 26, 40, 48, 2]
2012/2/24	Friday	[12, 23, 24, 28, 36, 46, 26]
2012/2/23	Thursday	[3, 4, 29, 33, 35, 42, 9]
2012/2/22	Wednesday	[3, 15, 23, 25, 38, 39, 36]
2012/2/21	Tuesday	[3, 4, 7, 15, 31, 36, 46]
2012/2/20	Monday	[21, 25, 28, 35, 39, 47, 14]
2012/2/19	Sunday	[11, 18, 23, 29, 42, 47, 28]
2012/2/18	Saturday	[5, 6, 24, 28, 34, 44, 46]
2012/2/17	Friday	[2, 10, 33, 38, 44, 45, 37]
2012/2/16	Thursday	[6, 23, 32, 41, 42, 43, 37]
2012/2/15	Wednesday	[13, 19, 30, 34, 35, 44, 2]
2012/2/14	Tuesday	[6, 10, 25, 44, 45, 48, 14]
2012/2/13	Monday	[1, 3, 17, 28, 39, 44, 30]
2012/2/12	Sunday	[6, 9, 24, 29, 30, 32, 17]
2012/2/11	Saturday	[8, 13, 22, 32, 47, 48, 31]
2012/2/10	Friday	[5, 16, 26, 29, 34, 42, 48]
2012/2/9	Thursday	[13, 19, 21, 25, 36, 38, 11]
2012/2/8	Wednesday	[12, 13, 16, 33, 42, 44, 23]
2012/2/7	Tuesday	[4, 20, 21, 30, 31, 34, 10]
2012/2/6	Monday	[6, 9, 20, 31, 34, 41, 10]
2012/2/5	Sunday	[8, 10, 24, 34, 37, 49, 33]
2012/2/4	Saturday	[6, 17, 31, 33, 44, 46, 23]
2012/2/3	Friday	[10, 16, 18, 22, 23, 27, 48]
2012/2/2	Thursday	[11, 13, 16, 46, 48, 49, 33]
2012/2/1	Wednesday	[7, 11, 13, 16, 34, 37, 32]
2012/1/31	Tuesday	[2, 5, 7, 12, 29, 36, 19]
2012/1/30	Monday	[8, 13, 16, 30, 36, 43, 26]
2012/1/29	Sunday	[7, 9, 22, 26, 33, 49, 40]
2012/1/28	Saturday	[6, 7, 13, 18, 24, 28, 17]
2012/1/27	Friday	[7, 9, 19, 26, 39, 41, 5]
2012/1/26	Thursday	[10, 18, 21, 36, 45, 47, 1]
2012/1/25	Wednesday	[5, 33, 36, 40, 46, 47, 3]
2012/1/24	Tuesday	[5, 22, 29, 32, 34, 44, 2]
2012/1/23	Monday	[20, 22, 24, 33, 44, 47, 19]
2012/1/22	Sunday	[17, 22, 28, 35, 43, 48, 33]
2012/1/21	Saturday	[9, 12, 16, 19, 21, 45, 38]
2012/1/20	Friday	[3, 7, 9, 11, 13, 31, 17]
2012/1/19	Thursday	[2, 12, 32, 34, 35, 39, 38]
2012/1/18	Wednesday	[5, 7, 9, 13, 27, 43, 44]
2012/1/17	Tuesday	[2, 10, 27, 31, 33, 34, 44]
2012/1/16	Monday	[24, 25, 34, 36, 39, 42, 28]
2012/1/15	Sunday	[2, 9, 12, 18, 39, 44, 47]
2012/1/14	Saturday	[13, 18, 20, 21, 23, 28, 5]
2012/1/13	Friday	[3, 9, 12, 13, 31, 49, 8]
2012/1/12	Thursday	[2, 10, 14, 16, 24, 47, 43]
2012/1/11	Wednesday	[7, 8, 18, 27, 37, 43, 2]
2012/1/10	Tuesday	[2, 6, 18, 19, 32, 38, 37]
2012/1/9	Monday	[1, 2, 13, 15, 29, 43, 41]
2012/1/8	Sunday	[11, 18, 35, 43, 44, 47, 34]
2012/1/7	Saturday	[10, 17, 18, 25, 40, 49, 1]
2012/1/6	Friday	[17, 27, 28, 38, 47, 48, 30]
2012/1/5	Thursday	[13, 22, 36, 38, 41, 42, 28]
2012/1/4	Wednesday	[1, 19, 20, 27, 28, 37, 40]
2012/1/3	Tuesday	[8, 9, 12, 17, 18, 21, 16]
2012/1/2	Monday	[14, 28, 29, 34, 47, 49, 12]
2012/1/1	Sunday	[3, 9, 11, 16, 19, 31, 8]
