Date	Day	result
2021/12/31	Friday	[3, 8, 18, 35, 44, 49, 1]
2021/12/30	Thursday	[4, 15, 20, 27, 36, 39, 47]
2021/12/29	Wednesday	[5, 15, 16, 33, 34, 39, 21]
2021/12/28	Tuesday	[12, 19, 36, 38, 43, 46, 11]
2021/12/27	Monday	[3, 12, 21, 36, 41, 45, 6]
2021/12/26	Sunday	[7, 9, 19, 24, 26, 40, 41]
2021/12/24	Friday	[9, 12, 16, 28, 31, 37, 6]
2021/12/23	Thursday	[5, 14, 16, 17, 19, 31, 23]
2021/12/22	Wednesday	[1, 15, 20, 36, 38, 41, 42]
2021/12/21	Tuesday	[1, 23, 32, 36, 40, 48, 9]
2021/12/20	Monday	[2, 14, 15, 24, 36, 45, 19]
2021/12/19	Sunday	[9, 18, 21, 22, 25, 44, 30]
2021/12/18	Saturday	[10, 16, 17, 33, 38, 42, 15]
2021/12/17	Friday	[4, 13, 18, 20, 30, 39, 44]
2021/12/16	Thursday	[3, 6, 8, 14, 15, 29, 40]
2021/12/15	Wednesday	[3, 4, 21, 39, 40, 46, 5]
2021/12/14	Tuesday	[13, 25, 32, 35, 39, 46, 11]
2021/12/13	Monday	[8, 13, 19, 43, 45, 49, 38]
2021/12/12	Sunday	[5, 13, 19, 26, 27, 46, 12]
2021/12/11	Saturday	[2, 5, 20, 22, 35, 38, 10]
2021/12/10	Friday	[4, 6, 11, 12, 33, 35, 40]
2021/12/9	Thursday	[2, 15, 32, 41, 43, 49, 8]
2021/12/8	Wednesday	[1, 3, 10, 14, 22, 43, 32]
2021/12/7	Tuesday	[16, 20, 30, 42, 44, 47, 46]
2021/12/6	Monday	[10, 17, 20, 28, 34, 37, 19]
2021/12/5	Sunday	[2, 13, 18, 28, 47, 48, 31]
2021/12/4	Saturday	[3, 20, 22, 35, 43, 49, 48]
2021/12/3	Friday	[11, 12, 14, 19, 42, 44, 2]
2021/12/2	Thursday	[1, 15, 20, 31, 33, 46, 43]
2021/12/1	Wednesday	[2, 8, 16, 20, 33, 39, 28]
2021/11/30	Tuesday	[4, 16, 17, 26, 28, 39, 25]
2021/11/29	Monday	[10, 11, 21, 26, 33, 37, 9]
2021/11/28	Sunday	[1, 13, 16, 19, 34, 44, 2]
2021/11/27	Saturday	[7, 26, 28, 32, 40, 41, 39]
2021/11/26	Friday	[7, 14, 16, 24, 42, 47, 27]
2021/11/25	Thursday	[13, 19, 27, 33, 34, 41, 38]
2021/11/24	Wednesday	[4, 18, 27, 29, 40, 46, 44]
2021/11/23	Tuesday	[18, 19, 22, 36, 39, 49, 11]
2021/11/22	Monday	[7, 13, 17, 19, 23, 41, 38]
2021/11/21	Sunday	[3, 8, 12, 14, 26, 47, 35]
2021/11/20	Saturday	[10, 32, 37, 38, 40, 45, 31]
2021/11/19	Friday	[6, 7, 18, 22, 40, 47, 44]
2021/11/18	Thursday	[5, 13, 24, 27, 30, 41, 8]
2021/11/17	Wednesday	[6, 18, 19, 24, 29, 37, 41]
2021/11/16	Tuesday	[4, 8, 15, 18, 19, 45, 24]
2021/11/15	Monday	[4, 14, 18, 27, 33, 47, 7]
2021/11/14	Sunday	[6, 14, 27, 35, 41, 42, 22]
2021/11/13	Saturday	[3, 16, 20, 25, 42, 48, 33]
2021/11/12	Friday	[4, 5, 30, 42, 48, 49, 40]
2021/11/11	Thursday	[6, 22, 27, 34, 35, 37, 23]
2021/11/10	Wednesday	[24, 33, 37, 40, 41, 42, 25]
2021/11/9	Tuesday	[1, 14, 38, 40, 44, 47, 37]
2021/11/8	Monday	[2, 10, 21, 29, 43, 49, 47]
2021/11/7	Sunday	[1, 10, 16, 19, 30, 48, 35]
2021/11/6	Saturday	[5, 7, 18, 28, 32, 41, 29]
2021/11/5	Friday	[2, 7, 13, 21, 40, 49, 5]
2021/11/4	Thursday	[22, 23, 35, 36, 37, 49, 43]
2021/11/3	Wednesday	[20, 21, 39, 41, 48, 49, 43]
2021/11/2	Tuesday	[3, 12, 20, 35, 36, 48, 13]
2021/11/1	Monday	[2, 10, 11, 18, 44, 47, 7]
2021/10/31	Sunday	[2, 3, 4, 26, 27, 40, 9]
2021/10/30	Saturday	[2, 22, 25, 33, 43, 49, 10]
2021/10/29	Friday	[12, 13, 18, 33, 34, 38, 9]
2021/10/28	Thursday	[23, 31, 35, 37, 42, 47, 36]
2021/10/27	Wednesday	[20, 28, 32, 35, 41, 48, 49]
2021/10/26	Tuesday	[6, 26, 32, 34, 39, 46, 14]
2021/10/25	Monday	[3, 5, 6, 21, 23, 49, 27]
2021/10/24	Sunday	[13, 16, 19, 39, 40, 44, 46]
2021/10/23	Saturday	[2, 10, 11, 12, 33, 45, 37]
2021/10/22	Friday	[9, 31, 33, 35, 44, 48, 25]
2021/10/21	Thursday	[24, 27, 42, 44, 47, 48, 45]
2021/10/20	Wednesday	[3, 10, 13, 18, 29, 43, 5]
2021/10/19	Tuesday	[4, 18, 22, 28, 37, 40, 25]
2021/10/18	Monday	[8, 10, 15, 16, 18, 39, 23]
2021/10/17	Sunday	[2, 11, 22, 29, 38, 47, 17]
2021/10/16	Saturday	[15, 22, 27, 34, 36, 44, 31]
2021/10/15	Friday	[2, 9, 26, 34, 35, 36, 40]
2021/10/14	Thursday	[13, 18, 28, 33, 37, 39, 10]
2021/10/13	Wednesday	[1, 4, 10, 28, 33, 41, 44]
2021/10/12	Tuesday	[1, 25, 30, 32, 39, 42, 23]
2021/10/11	Monday	[22, 26, 30, 32, 33, 34, 41]
2021/10/10	Sunday	[3, 8, 13, 34, 36, 44, 4]
2021/10/9	Saturday	[4, 6, 7, 13, 20, 41, 31]
2021/10/8	Friday	[9, 22, 32, 33, 40, 49, 13]
2021/10/7	Thursday	[6, 21, 25, 36, 42, 47, 32]
2021/10/6	Wednesday	[8, 21, 24, 36, 39, 41, 42]
2021/10/5	Tuesday	[12, 21, 27, 34, 37, 49, 23]
2021/10/4	Monday	[2, 25, 38, 39, 41, 48, 4]
2021/10/3	Sunday	[23, 27, 30, 37, 40, 42, 16]
2021/10/2	Saturday	[7, 20, 29, 36, 38, 39, 45]
2021/10/1	Friday	[1, 11, 12, 15, 16, 31, 25]
2021/9/30	Thursday	[12, 17, 29, 37, 38, 40, 6]
2021/9/29	Wednesday	[11, 12, 26, 33, 40, 43, 3]
2021/9/28	Tuesday	[1, 27, 30, 35, 36, 49, 21]
2021/9/27	Monday	[7, 22, 24, 26, 36, 41, 42]
2021/9/26	Sunday	[6, 11, 27, 29, 41, 44, 20]
2021/9/25	Saturday	[5, 19, 21, 39, 42, 46, 30]
2021/9/24	Friday	[2, 6, 10, 23, 29, 39, 41]
2021/9/23	Thursday	[9, 21, 25, 33, 40, 43, 22]
2021/9/22	Wednesday	[7, 26, 28, 41, 47, 48, 32]
2021/9/21	Tuesday	[6, 9, 13, 16, 37, 47, 18]
2021/9/20	Monday	[2, 21, 25, 34, 44, 49, 27]
2021/9/19	Sunday	[6, 9, 15, 18, 38, 47, 13]
2021/9/18	Saturday	[8, 9, 10, 11, 17, 39, 16]
2021/9/17	Friday	[1, 3, 9, 38, 39, 47, 12]
2021/9/16	Thursday	[15, 17, 23, 24, 45, 48, 16]
2021/9/15	Wednesday	[2, 18, 22, 42, 43, 47, 45]
2021/9/14	Tuesday	[11, 32, 34, 38, 39, 46, 43]
2021/9/13	Monday	[2, 10, 12, 28, 35, 39, 1]
2021/9/12	Sunday	[10, 16, 31, 33, 38, 49, 18]
2021/9/11	Saturday	[14, 26, 39, 40, 41, 46, 49]
2021/9/10	Friday	[20, 26, 31, 32, 36, 40, 46]
2021/9/9	Thursday	[5, 10, 12, 16, 18, 45, 35]
2021/9/8	Wednesday	[8, 9, 14, 15, 29, 47, 46]
2021/9/7	Tuesday	[9, 12, 17, 35, 48, 49, 18]
2021/9/6	Monday	[2, 14, 19, 30, 38, 48, 43]
2021/9/5	Sunday	[4, 5, 14, 16, 19, 42, 10]
2021/9/4	Saturday	[12, 15, 18, 33, 45, 48, 19]
2021/9/3	Friday	[4, 5, 34, 42, 46, 49, 44]
2021/9/2	Thursday	[1, 5, 6, 24, 25, 38, 3]
2021/9/1	Wednesday	[2, 18, 23, 30, 31, 43, 42]
2021/8/31	Tuesday	[18, 21, 25, 28, 30, 36, 33]
2021/8/30	Monday	[6, 11, 17, 25, 36, 44, 16]
2021/8/29	Sunday	[3, 5, 16, 25, 26, 30, 22]
2021/8/28	Saturday	[19, 23, 35, 37, 42, 48, 8]
2021/8/27	Friday	[7, 22, 24, 34, 36, 41, 23]
2021/8/26	Thursday	[2, 11, 14, 25, 26, 36, 37]
2021/8/25	Wednesday	[7, 9, 18, 34, 35, 36, 28]
2021/8/24	Tuesday	[1, 9, 13, 33, 38, 44, 39]
2021/8/23	Monday	[14, 16, 19, 26, 33, 39, 49]
2021/8/22	Sunday	[9, 15, 19, 22, 31, 43, 20]
2021/8/21	Saturday	[4, 7, 20, 22, 24, 30, 29]
2021/8/20	Friday	[3, 7, 14, 31, 35, 47, 37]
2021/8/19	Thursday	[8, 9, 11, 21, 42, 49, 20]
2021/8/18	Wednesday	[15, 17, 23, 32, 41, 43, 35]
2021/8/17	Tuesday	[3, 11, 26, 31, 33, 41, 36]
2021/8/16	Monday	[18, 23, 37, 39, 41, 45, 4]
2021/8/15	Sunday	[23, 31, 36, 39, 44, 46, 34]
2021/8/14	Saturday	[1, 9, 17, 19, 22, 42, 44]
2021/8/13	Friday	[6, 11, 25, 26, 29, 45, 18]
2021/8/12	Thursday	[6, 37, 39, 41, 44, 49, 8]
2021/8/11	Wednesday	[18, 23, 25, 30, 33, 35, 3]
2021/8/10	Tuesday	[8, 19, 25, 27, 34, 45, 24]
2021/8/9	Monday	[5, 23, 29, 33, 37, 46, 44]
2021/8/8	Sunday	[1, 2, 25, 29, 30, 37, 39]
2021/8/7	Saturday	[5, 6, 18, 34, 35, 45, 37]
2021/8/6	Friday	[2, 9, 22, 27, 41, 48, 20]
2021/8/5	Thursday	[5, 8, 20, 29, 31, 33, 45]
2021/8/4	Wednesday	[4, 11, 12, 34, 35, 38, 22]
2021/8/3	Tuesday	[10, 17, 19, 27, 30, 35, 28]
2021/8/2	Monday	[12, 18, 22, 29, 39, 47, 19]
2021/8/1	Sunday	[7, 10, 16, 22, 33, 41, 17]
2021/7/31	Saturday	[2, 4, 8, 19, 47, 49, 37]
2021/7/30	Friday	[8, 22, 27, 34, 36, 40, 17]
2021/7/29	Thursday	[12, 17, 21, 33, 46, 47, 29]
2021/7/28	Wednesday	[9, 14, 16, 20, 28, 37, 4]
2021/7/27	Tuesday	[3, 4, 32, 36, 37, 38, 48]
2021/7/26	Monday	[3, 9, 12, 22, 42, 48, 29]
2021/7/25	Sunday	[8, 16, 17, 19, 20, 49, 33]
2021/7/24	Saturday	[1, 3, 4, 8, 13, 34, 18]
2021/7/23	Friday	[1, 5, 12, 17, 36, 48, 10]
2021/7/22	Thursday	[5, 10, 12, 21, 39, 45, 27]
2021/7/21	Wednesday	[7, 9, 12, 26, 44, 46, 10]
2021/7/20	Tuesday	[2, 3, 6, 7, 33, 40, 22]
2021/7/19	Monday	[2, 7, 8, 27, 28, 34, 36]
2021/7/18	Sunday	[6, 11, 12, 14, 30, 43, 22]
2021/7/17	Saturday	[14, 17, 26, 30, 34, 44, 4]
2021/7/16	Friday	[23, 27, 33, 40, 45, 46, 38]
2021/7/15	Thursday	[13, 19, 27, 36, 45, 49, 46]
2021/7/14	Wednesday	[2, 9, 28, 35, 39, 40, 33]
2021/7/13	Tuesday	[5, 9, 13, 17, 27, 44, 18]
2021/7/12	Monday	[11, 12, 22, 34, 39, 44, 5]
2021/7/11	Sunday	[1, 6, 17, 37, 38, 43, 35]
2021/7/10	Saturday	[11, 16, 20, 24, 27, 37, 17]
2021/7/9	Friday	[3, 7, 11, 13, 44, 46, 49]
2021/7/8	Thursday	[17, 18, 23, 27, 29, 30, 12]
2021/7/7	Wednesday	[7, 29, 33, 34, 38, 42, 23]
2021/7/6	Tuesday	[8, 14, 16, 27, 31, 35, 30]
2021/7/5	Monday	[3, 9, 21, 24, 28, 43, 5]
2021/7/4	Sunday	[3, 12, 23, 37, 38, 47, 8]
2021/7/3	Saturday	[5, 8, 9, 19, 25, 34, 36]
2021/7/2	Friday	[1, 4, 8, 24, 31, 39, 23]
2021/7/1	Thursday	[9, 17, 20, 39, 40, 42, 33]
2021/6/30	Wednesday	[2, 14, 25, 36, 41, 45, 42]
2021/6/29	Tuesday	[6, 9, 25, 35, 41, 47, 13]
2021/6/28	Monday	[11, 15, 16, 20, 23, 39, 12]
2021/6/27	Sunday	[9, 12, 31, 36, 46, 49, 32]
2021/6/26	Saturday	[7, 13, 20, 25, 36, 42, 21]
2021/6/25	Friday	[5, 9, 18, 33, 35, 40, 22]
2021/6/24	Thursday	[3, 4, 17, 24, 32, 35, 5]
2021/6/23	Wednesday	[25, 29, 32, 37, 39, 44, 1]
2021/6/22	Tuesday	[1, 6, 15, 21, 40, 44, 46]
2021/6/21	Monday	[16, 17, 35, 36, 40, 42, 48]
2021/6/20	Sunday	[9, 12, 17, 25, 38, 39, 33]
2021/6/19	Saturday	[3, 7, 9, 19, 38, 40, 41]
2021/6/18	Friday	[4, 5, 10, 26, 36, 45, 39]
2021/6/17	Thursday	[1, 7, 8, 18, 24, 33, 32]
2021/6/16	Wednesday	[2, 4, 9, 20, 27, 31, 39]
2021/6/15	Tuesday	[6, 10, 15, 31, 44, 46, 19]
2021/6/14	Monday	[7, 14, 15, 16, 22, 26, 8]
2021/6/13	Sunday	[15, 16, 23, 32, 34, 47, 8]
2021/6/12	Saturday	[3, 14, 18, 33, 43, 44, 2]
2021/6/11	Friday	[10, 23, 29, 34, 43, 44, 8]
2021/6/10	Thursday	[3, 11, 12, 23, 29, 47, 18]
2021/6/9	Wednesday	[3, 10, 24, 33, 35, 46, 17]
2021/6/8	Tuesday	[14, 17, 31, 32, 33, 48, 7]
2021/6/7	Monday	[7, 18, 21, 31, 39, 46, 35]
2021/6/6	Sunday	[3, 7, 24, 29, 44, 48, 23]
2021/6/5	Saturday	[7, 24, 44, 47, 48, 49, 41]
2021/6/4	Friday	[11, 14, 15, 30, 34, 40, 21]
2021/6/3	Thursday	[10, 15, 22, 23, 34, 46, 26]
2021/6/2	Wednesday	[5, 6, 28, 32, 40, 47, 36]
2021/6/1	Tuesday	[3, 8, 32, 38, 42, 47, 14]
2021/5/31	Monday	[10, 20, 36, 38, 45, 48, 14]
2021/5/30	Sunday	[3, 18, 19, 25, 28, 45, 41]
2021/5/29	Saturday	[7, 16, 25, 28, 29, 32, 27]
2021/5/28	Friday	[6, 7, 20, 22, 27, 29, 14]
2021/5/27	Thursday	[4, 15, 19, 31, 32, 45, 8]
2021/5/26	Wednesday	[1, 22, 26, 36, 37, 38, 34]
2021/5/25	Tuesday	[1, 4, 27, 31, 38, 44, 3]
2021/5/24	Monday	[4, 13, 15, 19, 40, 48, 7]
2021/5/23	Sunday	[4, 11, 16, 29, 31, 40, 49]
2021/5/22	Saturday	[3, 9, 28, 34, 41, 47, 5]
2021/5/21	Friday	[9, 14, 26, 31, 37, 45, 13]
2021/5/20	Thursday	[5, 8, 26, 28, 37, 39, 48]
2021/5/19	Wednesday	[5, 13, 14, 24, 31, 46, 7]
2021/5/18	Tuesday	[4, 19, 26, 27, 30, 37, 29]
2021/5/17	Monday	[3, 10, 13, 25, 31, 49, 30]
2021/5/16	Sunday	[4, 6, 12, 16, 44, 46, 25]
2021/5/15	Saturday	[2, 5, 9, 23, 32, 36, 18]
2021/5/14	Friday	[2, 6, 15, 25, 34, 36, 14]
2021/5/13	Thursday	[2, 29, 30, 39, 45, 47, 16]
2021/5/12	Wednesday	[15, 19, 28, 35, 39, 44, 24]
2021/5/11	Tuesday	[14, 23, 30, 33, 36, 40, 27]
2021/5/10	Monday	[10, 14, 29, 35, 40, 48, 1]
2021/5/9	Sunday	[2, 7, 16, 33, 35, 45, 31]
2021/5/8	Saturday	[2, 16, 17, 26, 39, 49, 25]
2021/5/7	Friday	[14, 24, 31, 33, 40, 49, 17]
2021/5/6	Thursday	[2, 22, 29, 42, 45, 46, 39]
2021/5/5	Wednesday	[1, 3, 6, 14, 19, 34, 21]
2021/5/4	Tuesday	[3, 6, 8, 24, 29, 45, 28]
2021/5/3	Monday	[9, 12, 19, 36, 44, 45, 10]
2021/5/2	Sunday	[4, 18, 19, 24, 26, 37, 27]
2021/5/1	Saturday	[6, 7, 34, 35, 48, 49, 37]
2021/4/30	Friday	[10, 18, 20, 31, 44, 45, 47]
2021/4/29	Thursday	[2, 6, 8, 12, 25, 49, 34]
2021/4/28	Wednesday	[5, 12, 29, 33, 34, 47, 17]
2021/4/27	Tuesday	[6, 12, 21, 31, 37, 44, 16]
2021/4/26	Monday	[1, 3, 15, 38, 40, 45, 13]
2021/4/25	Sunday	[4, 9, 10, 13, 37, 43, 20]
2021/4/24	Saturday	[6, 25, 26, 38, 39, 40, 23]
2021/4/23	Friday	[1, 16, 24, 25, 43, 47, 3]
2021/4/22	Thursday	[2, 8, 12, 15, 43, 47, 46]
2021/4/21	Wednesday	[2, 12, 25, 40, 48, 49, 17]
2021/4/20	Tuesday	[1, 8, 35, 40, 43, 47, 28]
2021/4/19	Monday	[9, 30, 37, 44, 48, 49, 5]
2021/4/18	Sunday	[3, 21, 26, 28, 34, 38, 2]
2021/4/17	Saturday	[9, 11, 18, 19, 31, 41, 37]
2021/4/16	Friday	[10, 12, 20, 30, 44, 46, 43]
2021/4/15	Thursday	[21, 22, 26, 27, 34, 40, 30]
2021/4/14	Wednesday	[8, 11, 14, 28, 32, 35, 15]
2021/4/13	Tuesday	[9, 11, 20, 31, 41, 46, 15]
2021/4/12	Monday	[19, 28, 29, 39, 42, 47, 49]
2021/4/11	Sunday	[1, 2, 18, 24, 29, 31, 40]
2021/4/10	Saturday	[4, 7, 14, 30, 39, 47, 11]
2021/4/9	Friday	[1, 9, 20, 25, 31, 40, 30]
2021/4/8	Thursday	[11, 23, 24, 33, 35, 43, 18]
2021/4/7	Wednesday	[3, 19, 24, 28, 41, 46, 2]
2021/4/6	Tuesday	[5, 9, 15, 16, 25, 34, 7]
2021/4/5	Monday	[14, 23, 27, 31, 40, 42, 34]
2021/4/4	Sunday	[4, 9, 10, 16, 26, 32, 1]
2021/4/3	Saturday	[16, 19, 23, 32, 40, 41, 13]
2021/4/2	Friday	[8, 12, 17, 43, 46, 49, 6]
2021/4/1	Thursday	[5, 24, 27, 33, 38, 45, 1]
2021/3/31	Wednesday	[9, 14, 17, 21, 27, 47, 42]
2021/3/30	Tuesday	[10, 15, 21, 38, 41, 45, 28]
2021/3/29	Monday	[9, 21, 28, 31, 42, 48, 25]
2021/3/28	Sunday	[4, 25, 26, 28, 38, 49, 34]
2021/3/27	Saturday	[3, 7, 15, 20, 25, 33, 22]
2021/3/26	Friday	[3, 19, 30, 36, 42, 45, 10]
2021/3/25	Thursday	[4, 11, 14, 15, 40, 48, 25]
2021/3/24	Wednesday	[5, 9, 21, 22, 41, 44, 23]
2021/3/23	Tuesday	[3, 12, 19, 26, 27, 43, 25]
2021/3/22	Monday	[2, 5, 20, 27, 40, 46, 48]
2021/3/21	Sunday	[9, 30, 37, 38, 40, 49, 44]
2021/3/20	Saturday	[11, 12, 13, 25, 27, 42, 35]
2021/3/19	Friday	[9, 10, 23, 31, 41, 43, 36]
2021/3/18	Thursday	[4, 7, 21, 25, 39, 45, 16]
2021/3/17	Wednesday	[4, 13, 15, 27, 38, 44, 25]
2021/3/16	Tuesday	[2, 16, 17, 19, 23, 40, 42]
2021/3/15	Monday	[8, 13, 22, 24, 33, 47, 11]
2021/3/14	Sunday	[18, 21, 32, 41, 47, 48, 20]
2021/3/13	Saturday	[2, 34, 36, 42, 44, 46, 33]
2021/3/12	Friday	[17, 23, 27, 28, 29, 46, 24]
2021/3/11	Thursday	[6, 9, 28, 29, 31, 33, 16]
2021/3/10	Wednesday	[15, 19, 22, 37, 38, 40, 10]
2021/3/9	Tuesday	[4, 7, 14, 15, 24, 44, 45]
2021/3/8	Monday	[2, 10, 20, 22, 28, 31, 7]
2021/3/7	Sunday	[16, 24, 27, 30, 45, 49, 7]
2021/3/6	Saturday	[2, 5, 7, 21, 25, 44, 34]
2021/3/5	Friday	[2, 8, 9, 10, 18, 27, 16]
2021/3/4	Thursday	[2, 9, 12, 18, 43, 45, 41]
2021/3/3	Wednesday	[4, 6, 7, 24, 26, 49, 18]
2021/3/2	Tuesday	[5, 8, 19, 39, 41, 45, 31]
2021/3/1	Monday	[3, 14, 25, 26, 35, 36, 11]
2021/2/28	Sunday	[20, 26, 36, 37, 40, 44, 49]
2021/2/27	Saturday	[2, 5, 33, 37, 46, 47, 49]
2021/2/26	Friday	[8, 11, 25, 40, 43, 47, 9]
2021/2/25	Thursday	[9, 16, 19, 31, 37, 49, 41]
2021/2/24	Wednesday	[4, 16, 31, 33, 47, 48, 22]
2021/2/23	Tuesday	[6, 11, 13, 20, 33, 42, 22]
2021/2/22	Monday	[2, 7, 19, 24, 32, 43, 6]
2021/2/21	Sunday	[23, 24, 25, 34, 44, 49, 26]
2021/2/20	Saturday	[1, 6, 11, 17, 31, 33, 22]
2021/2/19	Friday	[7, 13, 19, 28, 31, 41, 26]
2021/2/18	Thursday	[9, 10, 23, 24, 36, 45, 40]
2021/2/17	Wednesday	[17, 26, 28, 30, 35, 48, 25]
2021/2/16	Tuesday	[5, 7, 9, 23, 45, 48, 30]
2021/2/15	Monday	[6, 11, 17, 33, 36, 39, 27]
2021/2/14	Sunday	[6, 10, 34, 38, 40, 44, 11]
2021/2/13	Saturday	[2, 11, 15, 25, 29, 34, 8]
2021/2/12	Friday	[1, 4, 10, 30, 34, 36, 33]
2021/2/11	Thursday	[2, 3, 16, 38, 43, 49, 44]
2021/2/10	Wednesday	[3, 14, 16, 17, 27, 33, 49]
2021/2/9	Tuesday	[1, 10, 11, 21, 26, 28, 17]
2021/2/8	Monday	[1, 18, 22, 30, 36, 46, 24]
2021/2/7	Sunday	[5, 10, 12, 15, 35, 36, 25]
2021/2/6	Saturday	[11, 15, 28, 34, 37, 44, 38]
2021/2/5	Friday	[6, 8, 15, 23, 24, 27, 3]
2021/2/4	Thursday	[5, 16, 17, 20, 30, 33, 47]
2021/2/3	Wednesday	[2, 18, 22, 40, 42, 49, 15]
2021/2/2	Tuesday	[2, 5, 12, 27, 28, 33, 4]
2021/2/1	Monday	[2, 12, 14, 21, 36, 43, 30]
2021/1/31	Sunday	[1, 3, 4, 8, 10, 38, 14]
2021/1/30	Saturday	[6, 10, 19, 26, 39, 42, 30]
2021/1/29	Friday	[13, 18, 32, 33, 46, 48, 25]
2021/1/28	Thursday	[16, 19, 24, 39, 41, 44, 43]
2021/1/27	Wednesday	[6, 17, 29, 30, 37, 40, 31]
2021/1/26	Tuesday	[6, 22, 41, 45, 46, 47, 12]
2021/1/25	Monday	[22, 28, 37, 38, 39, 42, 17]
2021/1/24	Sunday	[8, 12, 31, 40, 46, 47, 30]
2021/1/23	Saturday	[3, 9, 10, 36, 37, 49, 7]
2021/1/22	Friday	[11, 12, 13, 24, 45, 48, 3]
2021/1/21	Thursday	[5, 10, 11, 17, 20, 44, 26]
2021/1/20	Wednesday	[4, 6, 18, 38, 39, 45, 49]
2021/1/19	Tuesday	[6, 7, 16, 22, 23, 49, 19]
2021/1/18	Monday	[5, 9, 13, 24, 29, 35, 30]
2021/1/17	Sunday	[11, 20, 21, 28, 40, 47, 34]
2021/1/16	Saturday	[5, 6, 11, 20, 22, 39, 17]
2021/1/15	Friday	[1, 8, 13, 19, 32, 36, 37]
2021/1/14	Thursday	[3, 12, 18, 34, 37, 43, 15]
2021/1/13	Wednesday	[1, 14, 21, 33, 36, 47, 39]
2021/1/12	Tuesday	[15, 17, 30, 32, 43, 44, 42]
2021/1/11	Monday	[9, 18, 19, 33, 40, 42, 24]
2021/1/10	Sunday	[2, 18, 31, 39, 41, 48, 34]
2021/1/9	Saturday	[2, 4, 5, 9, 11, 27, 20]
2021/1/8	Friday	[8, 17, 25, 31, 34, 45, 24]
2021/1/7	Thursday	[2, 8, 22, 30, 36, 42, 31]
2021/1/6	Wednesday	[3, 9, 23, 36, 42, 47, 8]
2021/1/5	Tuesday	[3, 4, 10, 17, 35, 48, 6]
2021/1/4	Monday	[2, 12, 30, 31, 34, 45, 21]
2021/1/3	Sunday	[3, 7, 8, 15, 19, 42, 21]
2021/1/2	Saturday	[2, 3, 18, 32, 33, 48, 47]
2021/1/1	Friday	[3, 5, 17, 27, 34, 40, 37]
