Date	Day	result
2006/12/31	Sunday	[7, 10, 11, 20, 40, 44, 37]
2006/12/30	Saturday	[9, 23, 35, 37, 39, 49, 36]
2006/12/29	Friday	[12, 22, 30, 41, 43, 46, 14]
2006/12/28	Thursday	[1, 13, 18, 19, 26, 44, 48]
2006/12/27	Wednesday	[6, 32, 34, 38, 39, 44, 14]
2006/12/26	Tuesday	[5, 9, 13, 20, 23, 37, 26]
2006/12/23	Saturday	[1, 22, 31, 36, 43, 44, 25]
2006/12/22	Friday	[9, 13, 20, 34, 35, 43, 24]
2006/12/21	Thursday	[2, 3, 28, 29, 32, 44, 39]
2006/12/20	Wednesday	[2, 6, 13, 20, 21, 44, 26]
2006/12/19	Tuesday	[3, 6, 12, 16, 25, 36, 35]
2006/12/18	Monday	[6, 11, 26, 36, 39, 46, 35]
2006/12/17	Sunday	[1, 18, 21, 35, 36, 49, 43]
2006/12/16	Saturday	[12, 17, 22, 28, 33, 49, 26]
2006/12/15	Friday	[10, 11, 13, 19, 24, 46, 3]
2006/12/14	Thursday	[2, 7, 11, 26, 31, 38, 36]
2006/12/13	Wednesday	[5, 15, 20, 23, 30, 47, 1]
2006/12/12	Tuesday	[1, 4, 19, 25, 36, 41, 3]
2006/12/11	Monday	[10, 14, 19, 33, 40, 44, 20]
2006/12/10	Sunday	[13, 15, 27, 41, 43, 48, 11]
2006/12/9	Saturday	[9, 16, 25, 30, 44, 45, 18]
2006/12/8	Friday	[6, 27, 32, 34, 38, 49, 17]
2006/12/7	Thursday	[4, 6, 23, 36, 45, 48, 38]
2006/12/6	Wednesday	[2, 5, 20, 22, 26, 45, 31]
2006/12/5	Tuesday	[3, 28, 29, 36, 37, 39, 25]
2006/12/4	Monday	[4, 10, 16, 29, 37, 44, 5]
2006/12/3	Sunday	[12, 16, 17, 24, 32, 44, 13]
2006/12/2	Saturday	[12, 13, 20, 36, 40, 44, 27]
2006/12/1	Friday	[5, 6, 10, 13, 17, 34, 30]
2006/11/30	Thursday	[6, 20, 27, 41, 47, 49, 23]
2006/11/29	Wednesday	[8, 12, 15, 34, 35, 38, 16]
2006/11/28	Tuesday	[10, 15, 17, 31, 35, 36, 4]
2006/11/27	Monday	[7, 21, 25, 26, 32, 33, 12]
2006/11/26	Sunday	[1, 11, 14, 30, 34, 38, 13]
2006/11/25	Saturday	[5, 6, 8, 17, 23, 32, 49]
2006/11/24	Friday	[14, 19, 21, 30, 38, 49, 6]
2006/11/23	Thursday	[1, 2, 6, 31, 34, 48, 25]
2006/11/22	Wednesday	[10, 14, 15, 28, 33, 43, 41]
2006/11/21	Tuesday	[1, 11, 18, 31, 39, 42, 24]
2006/11/20	Monday	[1, 10, 19, 20, 44, 48, 13]
2006/11/19	Sunday	[8, 10, 16, 30, 33, 46, 27]
2006/11/18	Saturday	[25, 31, 32, 40, 47, 48, 17]
2006/11/17	Friday	[10, 22, 29, 34, 41, 42, 31]
2006/11/16	Thursday	[15, 18, 34, 40, 44, 46, 26]
2006/11/15	Wednesday	[5, 12, 27, 34, 44, 45, 25]
2006/11/14	Tuesday	[4, 5, 6, 12, 30, 35, 24]
2006/11/13	Monday	[3, 19, 26, 34, 38, 39, 28]
2006/11/12	Sunday	[9, 19, 20, 27, 28, 37, 26]
2006/11/11	Saturday	[10, 15, 17, 24, 31, 39, 38]
2006/11/10	Friday	[15, 25, 39, 41, 46, 47, 5]
2006/11/9	Thursday	[3, 12, 33, 37, 38, 42, 6]
2006/11/8	Wednesday	[21, 28, 30, 36, 38, 48, 32]
2006/11/7	Tuesday	[6, 11, 17, 21, 25, 48, 3]
2006/11/6	Monday	[7, 17, 32, 39, 40, 43, 30]
2006/11/5	Sunday	[21, 27, 31, 36, 47, 49, 8]
2006/11/4	Saturday	[18, 22, 24, 25, 27, 32, 14]
2006/11/3	Friday	[1, 17, 26, 38, 43, 47, 44]
2006/11/2	Thursday	[4, 16, 17, 28, 34, 39, 3]
2006/11/1	Wednesday	[5, 9, 13, 28, 40, 42, 38]
2006/10/31	Tuesday	[19, 24, 30, 39, 42, 46, 2]
2006/10/30	Monday	[7, 12, 29, 34, 41, 44, 40]
2006/10/29	Sunday	[2, 6, 7, 15, 45, 49, 33]
2006/10/28	Saturday	[3, 7, 23, 29, 30, 36, 2]
2006/10/27	Friday	[4, 14, 20, 43, 45, 47, 3]
2006/10/26	Thursday	[5, 13, 26, 28, 40, 49, 9]
2006/10/25	Wednesday	[10, 13, 18, 29, 34, 43, 28]
2006/10/24	Tuesday	[8, 10, 15, 18, 27, 44, 9]
2006/10/23	Monday	[2, 9, 13, 29, 41, 49, 27]
2006/10/22	Sunday	[2, 10, 13, 24, 37, 40, 11]
2006/10/21	Saturday	[17, 21, 22, 26, 29, 37, 40]
2006/10/20	Friday	[7, 26, 28, 33, 35, 44, 4]
2006/10/19	Thursday	[15, 40, 41, 43, 46, 47, 4]
2006/10/18	Wednesday	[14, 20, 23, 27, 35, 46, 13]
2006/10/17	Tuesday	[5, 7, 13, 17, 34, 49, 46]
2006/10/16	Monday	[9, 19, 32, 43, 44, 49, 42]
2006/10/15	Sunday	[8, 14, 16, 21, 44, 49, 34]
2006/10/14	Saturday	[9, 10, 11, 22, 28, 36, 42]
2006/10/13	Friday	[12, 17, 23, 26, 39, 42, 49]
2006/10/12	Thursday	[7, 9, 12, 23, 27, 47, 20]
2006/10/11	Wednesday	[7, 10, 12, 21, 24, 48, 17]
2006/10/10	Tuesday	[3, 7, 15, 35, 39, 48, 16]
2006/10/9	Monday	[4, 6, 9, 25, 38, 49, 41]
2006/10/8	Sunday	[14, 15, 16, 21, 40, 41, 17]
2006/10/7	Saturday	[2, 6, 11, 21, 29, 44, 39]
2006/10/6	Friday	[5, 9, 23, 28, 34, 35, 36]
2006/10/5	Thursday	[1, 10, 18, 22, 25, 45, 30]
2006/10/4	Wednesday	[1, 12, 18, 24, 29, 32, 47]
2006/10/3	Tuesday	[3, 7, 9, 10, 36, 45, 35]
2006/10/2	Monday	[5, 22, 24, 28, 38, 45, 18]
2006/10/1	Sunday	[2, 5, 11, 22, 30, 42, 17]
2006/9/30	Saturday	[17, 18, 36, 37, 39, 45, 15]
2006/9/29	Friday	[2, 10, 13, 34, 38, 43, 4]
2006/9/28	Thursday	[4, 7, 17, 20, 25, 26, 46]
2006/9/27	Wednesday	[9, 23, 29, 34, 45, 49, 22]
2006/9/26	Tuesday	[1, 10, 13, 16, 31, 33, 25]
2006/9/25	Monday	[4, 7, 34, 42, 44, 49, 3]
2006/9/24	Sunday	[1, 16, 17, 40, 43, 48, 49]
2006/9/23	Saturday	[12, 14, 27, 38, 43, 47, 21]
2006/9/22	Friday	[7, 24, 27, 33, 34, 37, 21]
2006/9/21	Thursday	[4, 15, 27, 34, 42, 43, 47]
2006/9/20	Wednesday	[14, 15, 18, 24, 31, 34, 22]
2006/9/19	Tuesday	[8, 14, 21, 24, 41, 48, 33]
2006/9/18	Monday	[1, 6, 9, 19, 25, 30, 43]
2006/9/17	Sunday	[4, 11, 12, 13, 26, 46, 43]
2006/9/16	Saturday	[9, 21, 22, 31, 40, 43, 5]
2006/9/15	Friday	[6, 13, 17, 22, 26, 32, 49]
2006/9/14	Thursday	[2, 13, 14, 27, 34, 39, 42]
2006/9/13	Wednesday	[14, 16, 17, 21, 43, 48, 15]
2006/9/12	Tuesday	[4, 5, 18, 34, 39, 43, 49]
2006/9/11	Monday	[3, 11, 15, 23, 33, 43, 26]
2006/9/10	Sunday	[2, 10, 19, 22, 38, 43, 28]
2006/9/9	Saturday	[1, 6, 30, 32, 37, 39, 38]
2006/9/8	Friday	[5, 11, 17, 24, 35, 44, 29]
2006/9/7	Thursday	[7, 14, 16, 30, 31, 42, 3]
2006/9/6	Wednesday	[7, 14, 17, 22, 35, 39, 41]
2006/9/5	Tuesday	[3, 34, 37, 43, 46, 48, 11]
2006/9/4	Monday	[3, 5, 13, 19, 34, 42, 4]
2006/9/3	Sunday	[14, 17, 22, 39, 42, 43, 2]
2006/9/2	Saturday	[12, 24, 26, 27, 31, 41, 13]
2006/9/1	Friday	[8, 30, 33, 35, 38, 49, 29]
2006/8/31	Thursday	[2, 5, 17, 35, 36, 38, 48]
2006/8/30	Wednesday	[6, 18, 32, 39, 41, 47, 40]
2006/8/29	Tuesday	[6, 13, 21, 24, 25, 32, 28]
2006/8/28	Monday	[4, 7, 9, 39, 48, 49, 30]
2006/8/27	Sunday	[4, 15, 17, 20, 26, 38, 29]
2006/8/26	Saturday	[6, 12, 20, 25, 27, 37, 16]
2006/8/25	Friday	[1, 4, 41, 42, 45, 47, 36]
2006/8/24	Thursday	[9, 24, 25, 32, 36, 40, 11]
2006/8/23	Wednesday	[5, 23, 30, 31, 39, 41, 35]
2006/8/22	Tuesday	[7, 13, 26, 27, 42, 44, 30]
2006/8/21	Monday	[1, 3, 5, 28, 34, 46, 22]
2006/8/20	Sunday	[11, 20, 24, 27, 33, 41, 7]
2006/8/19	Saturday	[13, 19, 22, 29, 32, 38, 5]
2006/8/18	Friday	[5, 8, 9, 15, 21, 37, 43]
2006/8/17	Thursday	[16, 17, 35, 41, 42, 48, 34]
2006/8/16	Wednesday	[2, 7, 14, 15, 40, 46, 41]
2006/8/15	Tuesday	[3, 14, 21, 30, 31, 42, 34]
2006/8/14	Monday	[9, 14, 20, 31, 42, 44, 22]
2006/8/13	Sunday	[6, 15, 26, 30, 36, 49, 39]
2006/8/12	Saturday	[2, 13, 23, 29, 34, 37, 41]
2006/8/11	Friday	[2, 9, 14, 32, 36, 40, 28]
2006/8/10	Thursday	[4, 5, 8, 11, 26, 31, 10]
2006/8/9	Wednesday	[9, 21, 31, 36, 39, 49, 38]
2006/8/8	Tuesday	[9, 20, 29, 40, 44, 49, 31]
2006/8/7	Monday	[14, 21, 33, 37, 40, 46, 8]
2006/8/6	Sunday	[8, 11, 13, 19, 20, 37, 29]
2006/8/5	Saturday	[5, 15, 30, 33, 36, 47, 39]
2006/8/4	Friday	[3, 8, 12, 25, 29, 39, 33]
2006/8/3	Thursday	[4, 10, 11, 34, 48, 49, 14]
2006/8/2	Wednesday	[2, 6, 12, 36, 39, 45, 23]
2006/8/1	Tuesday	[2, 7, 25, 32, 47, 48, 45]
2006/7/31	Monday	[3, 13, 17, 24, 29, 45, 19]
2006/7/30	Sunday	[5, 8, 19, 25, 32, 45, 44]
2006/7/29	Saturday	[5, 17, 24, 38, 45, 48, 44]
2006/7/28	Friday	[4, 9, 15, 32, 33, 47, 42]
2006/7/27	Thursday	[7, 9, 19, 25, 31, 49, 47]
2006/7/26	Wednesday	[11, 25, 32, 44, 46, 49, 42]
2006/7/25	Tuesday	[5, 6, 26, 38, 47, 49, 4]
2006/7/24	Monday	[3, 9, 27, 31, 39, 48, 33]
2006/7/23	Sunday	[3, 10, 16, 27, 33, 42, 9]
2006/7/22	Saturday	[11, 15, 16, 27, 42, 49, 44]
2006/7/21	Friday	[18, 19, 27, 28, 38, 43, 20]
2006/7/20	Thursday	[4, 6, 21, 27, 28, 47, 2]
2006/7/19	Wednesday	[14, 15, 31, 33, 35, 44, 2]
2006/7/18	Tuesday	[9, 11, 14, 32, 34, 41, 48]
2006/7/17	Monday	[3, 13, 28, 36, 38, 42, 12]
2006/7/16	Sunday	[1, 16, 29, 37, 39, 41, 36]
2006/7/15	Saturday	[4, 18, 20, 32, 48, 49, 21]
2006/7/14	Friday	[1, 17, 29, 42, 47, 49, 8]
2006/7/13	Thursday	[1, 5, 22, 36, 43, 49, 37]
2006/7/12	Wednesday	[12, 22, 26, 31, 32, 33, 3]
2006/7/11	Tuesday	[7, 14, 21, 26, 44, 46, 49]
2006/7/10	Monday	[6, 13, 18, 41, 43, 48, 20]
2006/7/9	Sunday	[16, 22, 24, 30, 34, 35, 32]
2006/7/8	Saturday	[7, 8, 9, 18, 26, 41, 12]
2006/7/7	Friday	[11, 17, 26, 27, 31, 34, 25]
2006/7/6	Thursday	[1, 15, 27, 28, 29, 38, 9]
2006/7/5	Wednesday	[8, 12, 30, 32, 46, 49, 6]
2006/7/4	Tuesday	[10, 33, 34, 38, 42, 49, 3]
2006/7/3	Monday	[23, 24, 31, 36, 44, 46, 30]
2006/7/2	Sunday	[25, 26, 30, 34, 35, 43, 22]
2006/7/1	Saturday	[5, 6, 10, 28, 45, 47, 1]
2006/6/30	Friday	[17, 23, 36, 40, 42, 49, 41]
2006/6/29	Thursday	[4, 12, 15, 39, 41, 46, 47]
2006/6/28	Wednesday	[7, 19, 20, 21, 27, 38, 35]
2006/6/27	Tuesday	[15, 23, 24, 25, 33, 35, 3]
2006/6/26	Monday	[4, 10, 16, 29, 39, 48, 40]
2006/6/25	Sunday	[17, 34, 35, 37, 38, 42, 41]
2006/6/24	Saturday	[4, 27, 28, 34, 38, 42, 32]
2006/6/23	Friday	[12, 31, 36, 41, 46, 48, 24]
2006/6/22	Thursday	[6, 10, 12, 18, 41, 46, 4]
2006/6/21	Wednesday	[9, 10, 16, 37, 41, 42, 19]
2006/6/20	Tuesday	[1, 27, 32, 39, 40, 47, 38]
2006/6/19	Monday	[8, 18, 21, 35, 38, 48, 4]
2006/6/18	Sunday	[1, 6, 7, 18, 26, 27, 17]
2006/6/17	Saturday	[2, 15, 29, 31, 47, 49, 3]
2006/6/16	Friday	[3, 4, 20, 24, 32, 38, 15]
2006/6/15	Thursday	[7, 17, 25, 32, 46, 49, 27]
2006/6/14	Wednesday	[6, 10, 15, 17, 23, 36, 49]
2006/6/13	Tuesday	[4, 6, 8, 34, 42, 47, 29]
2006/6/12	Monday	[21, 26, 30, 32, 37, 47, 25]
2006/6/11	Sunday	[3, 7, 14, 19, 28, 37, 1]
2006/6/10	Saturday	[11, 12, 23, 35, 47, 48, 30]
2006/6/9	Friday	[3, 27, 33, 34, 39, 44, 48]
2006/6/8	Thursday	[4, 25, 26, 27, 45, 48, 16]
2006/6/7	Wednesday	[10, 14, 26, 30, 34, 47, 22]
2006/6/6	Tuesday	[10, 14, 21, 29, 33, 47, 30]
2006/6/5	Monday	[1, 15, 32, 37, 46, 48, 44]
2006/6/4	Sunday	[16, 17, 20, 32, 47, 49, 34]
2006/6/3	Saturday	[15, 18, 19, 20, 29, 34, 40]
2006/6/2	Friday	[8, 12, 35, 39, 42, 46, 15]
2006/6/1	Thursday	[7, 14, 25, 45, 47, 48, 4]
2006/5/31	Wednesday	[1, 2, 4, 31, 32, 43, 22]
2006/5/30	Tuesday	[8, 16, 34, 35, 37, 43, 1]
2006/5/29	Monday	[8, 9, 15, 19, 25, 44, 6]
2006/5/28	Sunday	[3, 8, 12, 14, 25, 47, 43]
2006/5/27	Saturday	[19, 22, 24, 25, 29, 30, 44]
2006/5/26	Friday	[9, 19, 23, 27, 28, 34, 29]
2006/5/25	Thursday	[2, 7, 20, 27, 28, 36, 40]
2006/5/24	Wednesday	[12, 13, 36, 44, 45, 49, 48]
2006/5/23	Tuesday	[2, 23, 26, 27, 35, 47, 15]
2006/5/22	Monday	[16, 21, 22, 32, 34, 45, 43]
2006/5/21	Sunday	[4, 6, 10, 29, 40, 45, 31]
2006/5/20	Saturday	[5, 8, 15, 19, 26, 28, 32]
2006/5/19	Friday	[13, 19, 25, 34, 35, 45, 4]
2006/5/18	Thursday	[6, 20, 30, 33, 37, 49, 32]
2006/5/17	Wednesday	[4, 9, 16, 22, 23, 48, 42]
2006/5/16	Tuesday	[4, 8, 13, 23, 27, 40, 41]
2006/5/15	Monday	[6, 10, 17, 22, 30, 34, 12]
2006/5/14	Sunday	[6, 11, 19, 22, 37, 46, 47]
2006/5/13	Saturday	[4, 10, 11, 18, 28, 46, 30]
2006/5/12	Friday	[6, 7, 30, 32, 33, 47, 45]
2006/5/11	Thursday	[28, 32, 45, 47, 48, 49, 22]
2006/5/10	Wednesday	[7, 8, 12, 14, 20, 34, 35]
2006/5/9	Tuesday	[8, 11, 16, 30, 34, 42, 10]
2006/5/8	Monday	[6, 17, 18, 22, 38, 45, 9]
2006/5/7	Sunday	[5, 7, 8, 12, 19, 33, 37]
2006/5/6	Saturday	[7, 8, 12, 18, 29, 48, 34]
2006/5/5	Friday	[2, 8, 13, 22, 27, 30, 42]
2006/5/4	Thursday	[17, 29, 32, 33, 34, 41, 4]
2006/5/3	Wednesday	[1, 5, 10, 16, 23, 33, 4]
2006/5/2	Tuesday	[5, 13, 26, 40, 47, 49, 4]
2006/5/1	Monday	[7, 15, 16, 25, 35, 47, 26]
2006/4/30	Sunday	[3, 5, 25, 27, 38, 39, 9]
2006/4/29	Saturday	[1, 10, 11, 14, 18, 37, 26]
2006/4/28	Friday	[2, 4, 9, 12, 41, 48, 22]
2006/4/27	Thursday	[2, 6, 23, 42, 44, 47, 31]
2006/4/26	Wednesday	[1, 5, 20, 22, 41, 48, 12]
2006/4/25	Tuesday	[9, 16, 25, 34, 41, 42, 8]
2006/4/24	Monday	[8, 10, 15, 19, 39, 49, 44]
2006/4/23	Sunday	[4, 11, 19, 32, 33, 38, 46]
2006/4/22	Saturday	[11, 17, 28, 36, 42, 44, 15]
2006/4/21	Friday	[5, 14, 38, 41, 43, 48, 8]
2006/4/20	Thursday	[3, 7, 11, 14, 33, 40, 36]
2006/4/19	Wednesday	[7, 30, 33, 42, 45, 47, 27]
2006/4/18	Tuesday	[1, 10, 28, 35, 40, 44, 13]
2006/4/17	Monday	[4, 10, 14, 20, 25, 32, 21]
2006/4/16	Sunday	[3, 6, 23, 31, 32, 39, 48]
2006/4/15	Saturday	[15, 28, 31, 34, 40, 47, 13]
2006/4/13	Thursday	[3, 5, 16, 31, 39, 49, 21]
2006/4/12	Wednesday	[13, 20, 36, 40, 42, 48, 17]
2006/4/11	Tuesday	[9, 21, 37, 43, 44, 47, 35]
2006/4/10	Monday	[1, 4, 14, 27, 29, 34, 22]
2006/4/9	Sunday	[6, 10, 12, 15, 20, 26, 18]
2006/4/8	Saturday	[9, 12, 14, 26, 30, 32, 22]
2006/4/7	Friday	[13, 23, 28, 34, 35, 44, 30]
2006/4/6	Thursday	[3, 15, 20, 34, 44, 49, 46]
2006/4/5	Wednesday	[2, 15, 28, 30, 32, 41, 21]
2006/4/4	Tuesday	[17, 18, 21, 26, 34, 38, 29]
2006/4/3	Monday	[2, 19, 26, 29, 41, 45, 16]
2006/4/2	Sunday	[12, 18, 21, 32, 36, 46, 2]
2006/4/1	Saturday	[6, 13, 22, 23, 31, 47, 33]
2006/3/31	Friday	[1, 3, 14, 31, 42, 43, 47]
2006/3/30	Thursday	[3, 10, 11, 18, 37, 45, 27]
2006/3/29	Wednesday	[13, 14, 15, 16, 27, 43, 38]
2006/3/28	Tuesday	[3, 13, 22, 30, 37, 46, 21]
2006/3/27	Monday	[10, 27, 30, 31, 38, 49, 19]
2006/3/26	Sunday	[1, 3, 21, 36, 37, 45, 22]
2006/3/25	Saturday	[1, 7, 22, 26, 32, 49, 46]
2006/3/24	Friday	[23, 29, 30, 31, 34, 35, 4]
2006/3/23	Thursday	[9, 10, 12, 24, 26, 39, 32]
2006/3/22	Wednesday	[2, 13, 15, 29, 32, 34, 7]
2006/3/21	Tuesday	[3, 15, 31, 38, 39, 48, 28]
2006/3/20	Monday	[25, 34, 38, 41, 47, 48, 29]
2006/3/19	Sunday	[4, 20, 26, 33, 42, 47, 14]
2006/3/18	Saturday	[13, 19, 20, 29, 33, 48, 47]
2006/3/17	Friday	[6, 15, 34, 40, 44, 47, 18]
2006/3/16	Thursday	[3, 15, 16, 18, 34, 45, 24]
2006/3/15	Wednesday	[21, 29, 33, 39, 42, 45, 11]
2006/3/14	Tuesday	[17, 18, 29, 30, 42, 49, 14]
2006/3/13	Monday	[2, 26, 29, 40, 47, 48, 42]
2006/3/12	Sunday	[9, 23, 29, 36, 37, 44, 8]
2006/3/11	Saturday	[3, 9, 10, 37, 43, 45, 34]
2006/3/10	Friday	[1, 2, 13, 19, 29, 49, 25]
2006/3/9	Thursday	[1, 12, 18, 23, 35, 41, 20]
2006/3/8	Wednesday	[1, 4, 6, 7, 13, 39, 26]
2006/3/7	Tuesday	[20, 21, 25, 44, 45, 49, 33]
2006/3/6	Monday	[4, 18, 24, 27, 35, 36, 22]
2006/3/5	Sunday	[7, 29, 35, 36, 41, 49, 43]
2006/3/4	Saturday	[1, 12, 14, 24, 31, 49, 4]
2006/3/3	Friday	[16, 21, 23, 30, 39, 47, 43]
2006/3/2	Thursday	[11, 16, 27, 39, 42, 47, 43]
2006/3/1	Wednesday	[3, 16, 36, 37, 38, 40, 17]
2006/2/28	Tuesday	[1, 20, 21, 23, 35, 36, 8]
2006/2/27	Monday	[9, 29, 32, 37, 38, 45, 16]
2006/2/26	Sunday	[10, 17, 21, 40, 44, 45, 14]
2006/2/25	Saturday	[1, 19, 20, 35, 39, 48, 14]
2006/2/24	Friday	[2, 9, 20, 27, 36, 40, 32]
2006/2/23	Thursday	[25, 26, 30, 35, 36, 41, 7]
2006/2/22	Wednesday	[18, 21, 25, 29, 35, 38, 5]
2006/2/21	Tuesday	[1, 2, 28, 33, 37, 46, 48]
2006/2/20	Monday	[7, 13, 14, 16, 19, 35, 34]
2006/2/19	Sunday	[5, 11, 14, 16, 29, 44, 37]
2006/2/18	Saturday	[24, 28, 31, 37, 42, 45, 5]
2006/2/17	Friday	[5, 18, 25, 29, 36, 47, 39]
2006/2/16	Thursday	[6, 14, 23, 29, 37, 40, 4]
2006/2/15	Wednesday	[2, 3, 6, 37, 40, 49, 22]
2006/2/14	Tuesday	[5, 13, 14, 23, 40, 47, 36]
2006/2/13	Monday	[8, 17, 19, 22, 36, 38, 41]
2006/2/12	Sunday	[1, 12, 16, 20, 40, 48, 43]
2006/2/11	Saturday	[15, 31, 32, 36, 46, 47, 22]
2006/2/10	Friday	[14, 32, 35, 37, 40, 43, 7]
2006/2/9	Thursday	[4, 6, 21, 35, 43, 44, 32]
2006/2/8	Wednesday	[5, 13, 27, 34, 36, 42, 9]
2006/2/7	Tuesday	[21, 22, 23, 32, 35, 39, 36]
2006/2/6	Monday	[7, 8, 25, 44, 46, 47, 32]
2006/2/5	Sunday	[1, 3, 30, 32, 36, 49, 27]
2006/2/4	Saturday	[14, 15, 22, 27, 38, 47, 44]
2006/2/3	Friday	[17, 18, 20, 31, 35, 48, 27]
2006/2/2	Thursday	[9, 18, 30, 34, 39, 45, 10]
2006/2/1	Wednesday	[2, 11, 12, 21, 35, 43, 19]
2006/1/31	Tuesday	[6, 18, 22, 27, 38, 49, 7]
2006/1/30	Monday	[6, 14, 24, 25, 34, 42, 5]
2006/1/29	Sunday	[13, 32, 41, 42, 45, 46, 43]
2006/1/28	Saturday	[9, 13, 16, 33, 37, 39, 43]
2006/1/27	Friday	[3, 6, 15, 22, 33, 44, 38]
2006/1/26	Thursday	[3, 8, 24, 32, 37, 48, 49]
2006/1/25	Wednesday	[9, 13, 23, 35, 37, 41, 38]
2006/1/24	Tuesday	[17, 19, 29, 31, 41, 42, 24]
2006/1/23	Monday	[8, 10, 20, 34, 48, 49, 42]
2006/1/22	Sunday	[9, 12, 13, 15, 16, 26, 31]
2006/1/21	Saturday	[9, 21, 27, 28, 33, 41, 4]
2006/1/20	Friday	[6, 19, 20, 27, 28, 37, 12]
2006/1/19	Thursday	[15, 21, 30, 32, 38, 44, 23]
2006/1/18	Wednesday	[7, 17, 24, 31, 40, 41, 46]
2006/1/17	Tuesday	[10, 11, 12, 17, 34, 38, 32]
2006/1/16	Monday	[12, 17, 20, 22, 41, 47, 42]
2006/1/15	Sunday	[7, 13, 14, 15, 43, 47, 38]
2006/1/14	Saturday	[22, 35, 36, 40, 43, 48, 5]
2006/1/13	Friday	[4, 8, 31, 41, 43, 48, 23]
2006/1/12	Thursday	[4, 16, 20, 31, 34, 42, 32]
2006/1/11	Wednesday	[7, 18, 19, 24, 35, 47, 45]
2006/1/10	Tuesday	[15, 28, 29, 37, 41, 43, 6]
2006/1/9	Monday	[3, 11, 15, 25, 28, 37, 12]
2006/1/8	Sunday	[3, 10, 12, 24, 34, 40, 47]
2006/1/7	Saturday	[7, 9, 21, 24, 35, 43, 32]
2006/1/6	Friday	[13, 30, 31, 36, 48, 49, 20]
2006/1/5	Thursday	[6, 21, 25, 31, 36, 48, 7]
2006/1/4	Wednesday	[3, 20, 21, 27, 35, 42, 38]
2006/1/3	Tuesday	[3, 4, 12, 26, 37, 49, 21]
2006/1/2	Monday	[20, 23, 25, 26, 35, 45, 30]
2006/1/1	Sunday	[5, 9, 25, 27, 28, 40, 44]
