Date	Day	result
2000/12/31	Sunday	[2, 8, 12, 16, 26, 33, 32]
2000/12/30	Saturday	[6, 11, 19, 39, 41, 44, 4]
2000/12/29	Friday	[5, 9, 30, 38, 44, 47, 41]
2000/12/28	Thursday	[3, 22, 29, 35, 42, 43, 45]
2000/12/27	Wednesday	[2, 16, 29, 32, 43, 45, 18]
2000/12/26	Tuesday	[5, 24, 31, 34, 44, 48, 22]
2000/12/21	Thursday	[3, 6, 8, 14, 39, 48, 18]
2000/12/20	Wednesday	[2, 15, 30, 31, 33, 35, 24]
2000/12/19	Tuesday	[6, 8, 18, 29, 37, 43, 12]
2000/12/18	Monday	[13, 18, 24, 34, 44, 48, 8]
2000/12/17	Sunday	[3, 12, 39, 42, 43, 44, 15]
2000/12/16	Saturday	[4, 7, 11, 25, 26, 41, 44]
2000/12/15	Friday	[2, 7, 8, 14, 20, 35, 25]
2000/12/14	Thursday	[2, 17, 34, 41, 45, 47, 43]
2000/12/13	Wednesday	[4, 10, 12, 36, 37, 41, 23]
2000/12/12	Tuesday	[18, 20, 24, 25, 27, 29, 4]
2000/12/11	Monday	[2, 10, 27, 38, 39, 49, 9]
2000/12/10	Sunday	[15, 23, 28, 35, 41, 42, 25]
2000/12/9	Saturday	[2, 15, 30, 31, 37, 40, 42]
2000/12/8	Friday	[4, 6, 23, 25, 30, 32, 15]
2000/12/7	Thursday	[5, 8, 18, 23, 29, 31, 45]
2000/12/6	Wednesday	[2, 5, 20, 33, 36, 49, 28]
2000/12/5	Tuesday	[7, 14, 15, 42, 44, 49, 41]
2000/12/4	Monday	[10, 13, 15, 24, 27, 38, 18]
2000/12/3	Sunday	[15, 19, 32, 37, 39, 46, 35]
2000/12/2	Saturday	[3, 6, 20, 26, 47, 48, 41]
2000/12/1	Friday	[18, 19, 23, 30, 38, 43, 44]
2000/11/30	Thursday	[3, 18, 31, 32, 36, 48, 17]
2000/11/29	Wednesday	[6, 8, 11, 17, 30, 45, 46]
2000/11/28	Tuesday	[1, 2, 6, 11, 42, 48, 23]
2000/11/27	Monday	[4, 14, 26, 42, 46, 48, 31]
2000/11/26	Sunday	[8, 9, 20, 25, 38, 48, 22]
2000/11/25	Saturday	[8, 9, 11, 12, 44, 47, 42]
2000/11/24	Friday	[7, 11, 29, 31, 40, 49, 3]
2000/11/23	Thursday	[2, 4, 10, 14, 17, 19, 22]
2000/11/22	Wednesday	[1, 4, 9, 26, 27, 48, 35]
2000/11/21	Tuesday	[10, 14, 35, 40, 41, 45, 3]
2000/11/20	Monday	[9, 13, 21, 22, 39, 42, 26]
2000/11/19	Sunday	[4, 7, 18, 19, 43, 47, 26]
2000/11/18	Saturday	[1, 12, 13, 15, 27, 28, 8]
2000/11/17	Friday	[10, 11, 24, 35, 36, 48, 45]
2000/11/16	Thursday	[4, 7, 12, 16, 43, 47, 28]
2000/11/15	Wednesday	[14, 25, 38, 41, 42, 45, 23]
2000/11/14	Tuesday	[3, 5, 14, 23, 26, 45, 12]
2000/11/13	Monday	[2, 6, 14, 16, 22, 38, 13]
2000/11/12	Sunday	[11, 13, 26, 37, 43, 44, 14]
2000/11/11	Saturday	[4, 8, 24, 38, 42, 47, 19]
2000/11/10	Friday	[3, 5, 7, 17, 27, 49, 8]
2000/11/9	Thursday	[16, 31, 32, 38, 41, 42, 23]
2000/11/8	Wednesday	[16, 22, 37, 38, 40, 46, 5]
2000/11/7	Tuesday	[1, 5, 8, 28, 33, 43, 45]
2000/11/6	Monday	[2, 8, 20, 24, 25, 42, 43]
2000/11/5	Sunday	[7, 13, 17, 21, 22, 24, 35]
2000/11/4	Saturday	[8, 14, 27, 33, 37, 43, 19]
2000/11/3	Friday	[14, 26, 32, 36, 42, 43, 27]
2000/11/2	Thursday	[6, 23, 27, 34, 36, 40, 41]
2000/11/1	Wednesday	[5, 16, 17, 21, 26, 49, 33]
2000/10/31	Tuesday	[6, 9, 10, 21, 38, 44, 36]
2000/10/30	Monday	[4, 8, 11, 19, 23, 25, 45]
2000/10/28	Saturday	[3, 25, 29, 30, 34, 42, 5]
2000/10/27	Friday	[10, 27, 29, 38, 43, 46, 41]
2000/10/26	Thursday	[3, 10, 28, 32, 35, 42, 25]
2000/10/25	Wednesday	[10, 13, 20, 37, 38, 40, 30]
2000/10/24	Tuesday	[7, 9, 14, 22, 23, 25, 32]
2000/10/23	Monday	[14, 29, 34, 36, 37, 38, 32]
2000/10/22	Sunday	[8, 10, 12, 17, 27, 37, 39]
2000/10/21	Saturday	[4, 10, 24, 34, 39, 45, 26]
2000/10/20	Friday	[3, 16, 18, 41, 42, 49, 34]
2000/10/19	Thursday	[25, 27, 29, 32, 40, 42, 39]
2000/10/18	Wednesday	[11, 15, 17, 40, 42, 47, 16]
2000/10/17	Tuesday	[11, 15, 17, 33, 41, 47, 7]
2000/10/16	Monday	[2, 12, 20, 21, 25, 39, 42]
2000/10/14	Saturday	[2, 5, 7, 16, 36, 45, 20]
2000/10/13	Friday	[7, 31, 35, 37, 42, 44, 34]
2000/10/12	Thursday	[7, 8, 13, 23, 35, 43, 30]
2000/10/11	Wednesday	[3, 12, 30, 32, 35, 43, 38]
2000/10/10	Tuesday	[4, 8, 22, 29, 30, 46, 19]
2000/10/9	Monday	[7, 8, 9, 15, 22, 49, 40]
2000/10/7	Saturday	[4, 8, 18, 28, 32, 41, 1]
2000/10/6	Friday	[23, 28, 40, 42, 45, 48, 43]
2000/10/5	Thursday	[17, 21, 22, 43, 45, 47, 37]
2000/10/4	Wednesday	[1, 2, 14, 15, 23, 26, 30]
2000/10/3	Tuesday	[1, 7, 14, 16, 19, 23, 33]
2000/10/2	Monday	[1, 6, 9, 25, 26, 35, 10]
2000/10/1	Sunday	[14, 22, 30, 32, 33, 48, 21]
2000/9/30	Saturday	[10, 17, 25, 31, 48, 49, 36]
2000/9/29	Friday	[9, 25, 35, 47, 48, 49, 5]
2000/9/28	Thursday	[4, 10, 17, 24, 26, 39, 19]
2000/9/27	Wednesday	[1, 4, 6, 21, 30, 31, 12]
2000/9/26	Tuesday	[11, 12, 34, 41, 44, 49, 35]
2000/9/25	Monday	[7, 19, 20, 23, 38, 42, 49]
2000/9/24	Sunday	[18, 19, 35, 40, 43, 48, 10]
2000/9/23	Saturday	[5, 12, 16, 23, 42, 44, 3]
2000/9/22	Friday	[8, 10, 22, 27, 43, 47, 7]
2000/9/21	Thursday	[8, 12, 18, 32, 37, 44, 11]
2000/9/20	Wednesday	[7, 8, 23, 26, 29, 35, 30]
2000/9/19	Tuesday	[2, 4, 6, 27, 32, 46, 23]
2000/9/18	Monday	[1, 13, 24, 34, 39, 43, 9]
2000/9/16	Saturday	[2, 7, 15, 20, 22, 44, 16]
2000/9/15	Friday	[9, 13, 17, 32, 34, 39, 22]
2000/9/14	Thursday	[3, 4, 15, 19, 27, 34, 42]
2000/9/13	Wednesday	[1, 2, 15, 18, 29, 43, 3]
2000/9/12	Tuesday	[5, 13, 18, 39, 41, 46, 37]
2000/9/11	Monday	[1, 7, 10, 18, 31, 34, 25]
2000/9/9	Saturday	[1, 4, 5, 9, 17, 45, 7]
2000/9/8	Friday	[2, 10, 13, 20, 21, 26, 14]
2000/9/7	Thursday	[1, 20, 35, 45, 46, 47, 25]
2000/9/6	Wednesday	[18, 29, 32, 33, 40, 47, 26]
2000/9/5	Tuesday	[1, 18, 20, 28, 30, 41, 43]
2000/9/4	Monday	[5, 8, 13, 16, 31, 39, 1]
2000/9/3	Sunday	[10, 15, 22, 28, 29, 36, 9]
2000/9/2	Saturday	[3, 6, 7, 27, 34, 41, 11]
2000/9/1	Friday	[13, 18, 23, 40, 41, 42, 17]
2000/8/31	Thursday	[3, 4, 8, 18, 31, 38, 42]
2000/8/30	Wednesday	[1, 2, 20, 24, 32, 48, 35]
2000/8/29	Tuesday	[3, 24, 30, 35, 43, 45, 32]
2000/8/28	Monday	[1, 13, 17, 22, 27, 31, 21]
2000/8/27	Sunday	[1, 7, 11, 18, 29, 42, 8]
2000/8/26	Saturday	[1, 25, 28, 41, 44, 46, 23]
2000/8/25	Friday	[4, 19, 21, 25, 33, 39, 27]
2000/8/24	Thursday	[6, 10, 15, 17, 44, 48, 9]
2000/8/23	Wednesday	[14, 22, 33, 35, 40, 42, 20]
2000/8/22	Tuesday	[2, 8, 23, 28, 31, 49, 13]
2000/8/21	Monday	[15, 16, 23, 26, 29, 36, 37]
2000/8/20	Sunday	[3, 5, 11, 23, 27, 46, 4]
2000/8/19	Saturday	[5, 16, 24, 26, 33, 47, 41]
2000/8/18	Friday	[2, 8, 10, 11, 16, 19, 3]
2000/8/17	Thursday	[9, 14, 19, 28, 32, 38, 1]
2000/8/16	Wednesday	[2, 11, 12, 21, 31, 37, 45]
2000/8/15	Tuesday	[1, 9, 22, 29, 30, 47, 26]
2000/8/14	Monday	[13, 36, 38, 39, 42, 46, 28]
2000/8/13	Sunday	[10, 15, 25, 30, 38, 46, 22]
2000/8/12	Saturday	[9, 25, 26, 27, 38, 39, 20]
2000/8/11	Friday	[5, 11, 13, 23, 36, 41, 16]
2000/8/10	Thursday	[12, 31, 33, 37, 43, 47, 1]
2000/8/9	Wednesday	[1, 16, 17, 35, 38, 44, 49]
2000/8/8	Tuesday	[6, 12, 15, 21, 24, 26, 33]
2000/8/7	Monday	[16, 19, 27, 38, 40, 45, 41]
2000/8/6	Sunday	[3, 5, 25, 27, 29, 43, 18]
2000/8/5	Saturday	[4, 8, 13, 14, 17, 46, 47]
2000/8/4	Friday	[2, 4, 5, 24, 33, 41, 17]
2000/8/3	Thursday	[12, 30, 39, 40, 44, 47, 1]
2000/8/2	Wednesday	[4, 8, 12, 14, 16, 38, 29]
2000/8/1	Tuesday	[11, 13, 14, 24, 29, 32, 26]
2000/7/31	Monday	[1, 2, 8, 22, 30, 33, 21]
2000/7/30	Sunday	[22, 29, 33, 35, 41, 45, 30]
2000/7/29	Saturday	[8, 12, 13, 36, 43, 49, 2]
2000/7/28	Friday	[15, 16, 21, 22, 28, 43, 23]
2000/7/27	Thursday	[8, 10, 16, 18, 25, 40, 47]
2000/7/26	Wednesday	[2, 7, 8, 26, 34, 43, 39]
2000/7/25	Tuesday	[5, 19, 22, 28, 45, 49, 25]
2000/7/24	Monday	[1, 4, 10, 13, 37, 44, 25]
2000/7/23	Sunday	[15, 21, 26, 32, 40, 45, 4]
2000/7/22	Saturday	[9, 17, 27, 34, 41, 45, 37]
2000/7/21	Friday	[1, 9, 15, 17, 43, 44, 32]
2000/7/20	Thursday	[3, 6, 17, 27, 28, 30, 44]
2000/7/19	Wednesday	[11, 13, 15, 23, 30, 33, 36]
2000/7/18	Tuesday	[1, 9, 30, 35, 43, 48]
2000/7/17	Monday	[23, 35, 36, 37, 41, 43]
2000/7/16	Sunday	[5, 12, 21, 29, 39, 41]
2000/7/15	Saturday	[3, 4, 11, 23, 27, 43]
2000/7/14	Friday	[4, 14, 22, 23, 35, 36]
2000/7/13	Thursday	[9, 27, 28, 31, 35, 48]
2000/7/12	Wednesday	[17, 19, 28, 30, 39, 46]
2000/7/11	Tuesday	[4, 11, 15, 33, 37, 43]
2000/7/10	Monday	[9, 13, 19, 27, 29, 41]
2000/7/9	Sunday	[2, 4, 26, 28, 32, 34]
2000/7/8	Saturday	[10, 25, 26, 29, 33, 48]
2000/7/7	Friday	[1, 6, 21, 24, 31, 41]
2000/7/6	Thursday	[34, 35, 37, 43, 46, 47]
2000/7/5	Wednesday	[2, 9, 16, 23, 25, 30]
2000/7/4	Tuesday	[14, 16, 32, 37, 41, 45]
2000/7/3	Monday	[8, 9, 14, 15, 22, 38]
2000/7/2	Sunday	[1, 11, 13, 14, 24, 25]
2000/7/1	Saturday	[5, 31, 35, 45, 47, 48]
2000/6/30	Friday	[1, 4, 5, 24, 33, 44]
2000/6/29	Thursday	[2, 13, 25, 33, 42, 49]
2000/6/28	Wednesday	[2, 30, 33, 37, 46, 48]
2000/6/27	Tuesday	[6, 16, 28, 35, 41, 47]
2000/6/26	Monday	[11, 19, 25, 28, 34, 42]
2000/6/25	Sunday	[11, 15, 31, 32, 39, 45]
2000/6/24	Saturday	[8, 19, 28, 33, 39, 48]
2000/6/23	Friday	[7, 20, 28, 30, 36, 40]
2000/6/22	Thursday	[10, 24, 25, 26, 29, 35]
2000/6/21	Wednesday	[1, 3, 13, 14, 18, 46]
2000/6/20	Tuesday	[1, 3, 4, 20, 35, 48]
2000/6/19	Monday	[3, 4, 17, 25, 44, 49]
2000/6/18	Sunday	[12, 13, 19, 31, 44, 46]
2000/6/17	Saturday	[6, 18, 26, 35, 44, 46]
2000/6/16	Friday	[6, 26, 29, 35, 36, 44]
2000/6/15	Thursday	[4, 9, 10, 33, 34, 36]
2000/6/14	Wednesday	[10, 16, 25, 30, 31, 36]
2000/6/13	Tuesday	[5, 16, 22, 24, 27, 40]
2000/6/12	Monday	[1, 18, 24, 34, 42, 45]
2000/6/11	Sunday	[3, 7, 20, 33, 47, 48]
2000/6/10	Saturday	[8, 16, 22, 23, 25, 39]
2000/6/9	Friday	[2, 13, 17, 22, 26, 46]
2000/6/8	Thursday	[1, 3, 11, 16, 40, 48]
2000/6/7	Wednesday	[10, 23, 25, 28, 32, 47]
2000/6/6	Tuesday	[10, 13, 14, 24, 25, 34]
2000/6/5	Monday	[10, 12, 13, 23, 37, 42]
2000/6/4	Sunday	[7, 9, 21, 28, 29, 37]
2000/6/3	Saturday	[21, 32, 33, 37, 38, 41]
2000/6/2	Friday	[10, 14, 17, 22, 23, 27]
2000/6/1	Thursday	[7, 10, 13, 15, 18, 38]
2000/5/31	Wednesday	[9, 19, 26, 36, 43, 45]
2000/5/30	Tuesday	[4, 15, 19, 22, 26, 47]
2000/5/29	Monday	[9, 17, 20, 21, 26, 48]
2000/5/27	Saturday	[1, 17, 23, 26, 33, 46]
2000/5/26	Friday	[5, 13, 30, 31, 38, 47]
2000/5/25	Thursday	[8, 12, 17, 28, 46, 47]
2000/5/24	Wednesday	[11, 19, 21, 23, 25, 31]
2000/5/23	Tuesday	[1, 8, 24, 26, 27, 39]
2000/5/22	Monday	[8, 17, 20, 23, 25, 28]
2000/5/20	Saturday	[13, 16, 31, 33, 39, 47]
2000/5/19	Friday	[3, 11, 29, 40, 44, 45]
2000/5/18	Thursday	[4, 18, 32, 34, 35, 44]
2000/5/17	Wednesday	[1, 21, 25, 28, 37, 43]
2000/5/16	Tuesday	[2, 18, 39, 40, 44, 49]
2000/5/15	Monday	[7, 14, 23, 33, 37, 48]
2000/5/13	Saturday	[3, 10, 32, 37, 43, 48]
2000/5/12	Friday	[4, 25, 31, 43, 44, 45]
2000/5/11	Thursday	[7, 9, 17, 26, 35, 44]
2000/5/10	Wednesday	[1, 4, 10, 14, 19, 31]
2000/5/9	Tuesday	[15, 19, 22, 33, 48, 49]
2000/5/8	Monday	[5, 8, 32, 40, 42, 48]
2000/5/7	Sunday	[7, 20, 28, 32, 36, 44]
2000/5/6	Saturday	[4, 15, 26, 34, 40, 45]
2000/5/5	Friday	[8, 9, 10, 13, 16, 41]
2000/5/4	Thursday	[13, 20, 23, 25, 33, 45]
2000/5/3	Wednesday	[1, 12, 18, 32, 37, 46]
2000/5/2	Tuesday	[1, 5, 7, 13, 20, 44]
2000/5/1	Monday	[3, 6, 12, 21, 25, 27]
2000/4/29	Saturday	[18, 25, 26, 29, 31, 33]
2000/4/28	Friday	[3, 5, 18, 35, 40, 44]
2000/4/27	Thursday	[7, 10, 20, 30, 47, 49]
2000/4/26	Wednesday	[7, 11, 18, 24, 40, 46]
2000/4/25	Tuesday	[19, 23, 26, 34, 36, 42]
2000/4/24	Monday	[5, 8, 18, 24, 32, 42]
2000/4/22	Saturday	[1, 4, 9, 31, 37, 38]
2000/4/20	Thursday	[2, 7, 8, 9, 24, 25]
2000/4/19	Wednesday	[11, 22, 27, 38, 40, 44]
2000/4/18	Tuesday	[3, 4, 7, 30, 40, 48]
2000/4/17	Monday	[11, 18, 24, 32, 42, 45]
2000/4/15	Saturday	[19, 31, 36, 40, 43, 48]
2000/4/14	Friday	[16, 17, 26, 31, 41, 44]
2000/4/13	Thursday	[5, 8, 9, 46, 47, 49]
2000/4/12	Wednesday	[5, 7, 11, 30, 35, 37]
2000/4/11	Tuesday	[22, 28, 33, 37, 38, 45]
2000/4/10	Monday	[7, 12, 38, 39, 42, 43]
2000/4/8	Saturday	[2, 12, 17, 21, 37, 45]
2000/4/7	Friday	[1, 12, 17, 21, 24, 46]
2000/4/6	Thursday	[4, 7, 28, 30, 32, 34]
2000/4/5	Wednesday	[3, 9, 13, 34, 41, 49]
2000/4/4	Tuesday	[5, 6, 7, 16, 22, 46]
2000/4/3	Monday	[10, 12, 13, 19, 30, 40]
2000/4/1	Saturday	[2, 16, 18, 26, 31, 46]
2000/3/31	Friday	[19, 20, 24, 31, 37, 42]
2000/3/30	Thursday	[5, 14, 17, 28, 30, 42]
2000/3/29	Wednesday	[8, 9, 18, 22, 31, 36]
2000/3/28	Tuesday	[17, 22, 37, 39, 42, 45]
2000/3/27	Monday	[15, 17, 18, 37, 40, 43]
2000/3/25	Saturday	[6, 11, 13, 27, 29, 37]
2000/3/24	Friday	[6, 10, 19, 32, 42, 49]
2000/3/23	Thursday	[5, 8, 15, 18, 21, 49]
2000/3/22	Wednesday	[14, 18, 22, 39, 42, 48]
2000/3/21	Tuesday	[3, 14, 15, 17, 29, 44]
2000/3/20	Monday	[2, 13, 15, 29, 37, 41]
2000/3/18	Saturday	[16, 25, 26, 28, 37, 47]
2000/3/17	Friday	[1, 10, 13, 20, 35, 42]
2000/3/16	Thursday	[3, 4, 6, 9, 17, 21]
2000/3/15	Wednesday	[4, 14, 25, 30, 34, 49]
2000/3/14	Tuesday	[10, 15, 19, 21, 37, 41]
2000/3/13	Monday	[17, 22, 26, 30, 38, 43]
2000/3/11	Saturday	[7, 16, 20, 35, 39, 41]
2000/3/10	Friday	[2, 12, 13, 14, 37, 44]
2000/3/9	Thursday	[1, 5, 9, 32, 37, 47]
2000/3/8	Wednesday	[16, 17, 25, 26, 30, 38]
2000/3/7	Tuesday	[5, 12, 15, 17, 23, 48]
2000/3/6	Monday	[8, 13, 18, 28, 30, 45]
2000/3/4	Saturday	[3, 4, 17, 26, 32, 44]
2000/3/3	Friday	[2, 10, 20, 23, 30, 45]
2000/3/2	Thursday	[9, 24, 37, 40, 42, 47]
2000/3/1	Wednesday	[2, 8, 22, 31, 32, 37]
2000/2/29	Tuesday	[5, 16, 25, 26, 29, 33]
2000/2/28	Monday	[8, 23, 26, 32, 41, 43]
2000/2/26	Saturday	[3, 10, 11, 13, 19, 46]
2000/2/25	Friday	[6, 9, 11, 25, 35, 42]
2000/2/24	Thursday	[4, 6, 13, 18, 46, 47]
2000/2/23	Wednesday	[13, 15, 23, 24, 33, 36]
2000/2/22	Tuesday	[12, 24, 26, 28, 33, 48]
2000/2/21	Monday	[4, 21, 23, 37, 45, 46]
2000/2/19	Saturday	[9, 16, 24, 25, 46, 47]
2000/2/18	Friday	[4, 13, 14, 28, 32, 39]
2000/2/16	Wednesday	[21, 25, 29, 41, 42, 49]
2000/2/15	Tuesday	[15, 29, 32, 35, 44, 49]
2000/2/14	Monday	[4, 13, 32, 40, 45, 48]
2000/2/12	Saturday	[6, 20, 29, 36, 38, 46]
2000/2/11	Friday	[5, 6, 14, 19, 37, 43]
2000/2/10	Thursday	[6, 15, 20, 32, 34, 49]
2000/2/9	Wednesday	[1, 3, 6, 26, 28, 35]
2000/2/8	Tuesday	[1, 6, 18, 39, 46, 49]
2000/2/7	Monday	[1, 11, 40, 43, 46, 48]
2000/2/5	Saturday	[2, 4, 18, 33, 36, 49]
2000/2/4	Friday	[3, 25, 27, 33, 36, 48]
2000/2/3	Thursday	[2, 5, 19, 22, 36, 48]
2000/2/2	Wednesday	[15, 16, 26, 37, 39, 49]
2000/2/1	Tuesday	[1, 18, 20, 28, 45, 49]
2000/1/31	Monday	[1, 6, 10, 22, 29, 36]
2000/1/29	Saturday	[2, 5, 10, 18, 23, 34]
2000/1/28	Friday	[3, 4, 6, 19, 31, 38]
2000/1/27	Thursday	[9, 14, 20, 26, 36, 41]
2000/1/25	Tuesday	[1, 9, 22, 31, 36, 42]
2000/1/24	Monday	[3, 9, 10, 20, 26, 47]
2000/1/22	Saturday	[11, 20, 23, 28, 36, 47]
2000/1/21	Friday	[10, 25, 28, 41, 42, 46]
2000/1/20	Thursday	[2, 5, 8, 9, 43, 47]
2000/1/19	Wednesday	[4, 6, 21, 25, 27, 29]
2000/1/18	Tuesday	[15, 17, 30, 39, 40, 46]
2000/1/17	Monday	[13, 19, 27, 37, 41, 48]
2000/1/15	Saturday	[6, 22, 23, 35, 37, 45]
2000/1/14	Friday	[8, 18, 36, 38, 41, 45]
2000/1/13	Thursday	[1, 6, 9, 13, 23, 26]
2000/1/12	Wednesday	[14, 19, 23, 37, 39, 44]
2000/1/11	Tuesday	[17, 25, 29, 33, 38, 47]
2000/1/10	Monday	[9, 11, 13, 22, 26, 46]
2000/1/8	Saturday	[3, 9, 10, 46, 47, 48]
2000/1/7	Friday	[2, 8, 14, 15, 32, 40]
2000/1/6	Thursday	[6, 16, 30, 31, 34, 40]
2000/1/5	Wednesday	[14, 18, 22, 24, 28, 37]
2000/1/4	Tuesday	[4, 23, 26, 31, 47, 48]
2000/1/3	Monday	[1, 12, 18, 22, 32, 46]
2000/1/2	Sunday	[21, 33, 37, 44, 47, 49]
