Date	Day	result
2016/12/31	Saturday	[29, 30, 32, 33, 38, 42, 20]
2016/12/30	Friday	[5, 6, 11, 29, 31, 42, 23]
2016/12/29	Thursday	[4, 9, 19, 25, 36, 43, 48]
2016/12/28	Wednesday	[4, 16, 23, 27, 34, 44, 18]
2016/12/27	Tuesday	[1, 3, 7, 9, 11, 19, 12]
2016/12/26	Monday	[2, 8, 13, 21, 23, 42, 34]
2016/12/24	Saturday	[7, 11, 19, 20, 30, 41, 24]
2016/12/23	Friday	[4, 9, 11, 23, 35, 39, 34]
2016/12/22	Thursday	[1, 8, 13, 29, 34, 36, 40]
2016/12/21	Wednesday	[4, 10, 12, 33, 40, 47, 25]
2016/12/20	Tuesday	[8, 14, 22, 23, 26, 48, 36]
2016/12/19	Monday	[17, 18, 26, 33, 35, 46, 48]
2016/12/18	Sunday	[3, 4, 12, 16, 19, 49, 42]
2016/12/17	Saturday	[9, 19, 26, 29, 32, 42, 30]
2016/12/16	Friday	[8, 10, 18, 20, 28, 29, 12]
2016/12/15	Thursday	[8, 22, 34, 36, 38, 39, 46]
2016/12/14	Wednesday	[1, 7, 12, 26, 39, 41, 30]
2016/12/13	Tuesday	[4, 15, 16, 37, 46, 47, 10]
2016/12/12	Monday	[1, 9, 20, 36, 40, 42, 45]
2016/12/11	Sunday	[1, 11, 31, 35, 38, 48, 2]
2016/12/10	Saturday	[14, 15, 16, 32, 39, 42, 41]
2016/12/9	Friday	[15, 23, 24, 34, 35, 45, 33]
2016/12/8	Thursday	[11, 12, 31, 46, 47, 49, 6]
2016/12/7	Wednesday	[6, 21, 22, 23, 36, 37, 39]
2016/12/6	Tuesday	[6, 10, 12, 16, 19, 31, 2]
2016/12/5	Monday	[4, 9, 21, 33, 37, 42, 14]
2016/12/4	Sunday	[14, 25, 28, 31, 34, 45, 8]
2016/12/3	Saturday	[3, 13, 18, 20, 28, 43, 10]
2016/12/2	Friday	[5, 8, 17, 33, 38, 45, 37]
2016/12/1	Thursday	[11, 18, 26, 37, 40, 49, 25]
2016/11/30	Wednesday	[13, 16, 22, 31, 34, 35, 17]
2016/11/29	Tuesday	[19, 23, 32, 38, 40, 41, 27]
2016/11/28	Monday	[2, 12, 14, 17, 35, 36, 45]
2016/11/27	Sunday	[19, 29, 30, 38, 44, 47, 4]
2016/11/26	Saturday	[4, 21, 22, 26, 44, 45, 7]
2016/11/25	Friday	[4, 21, 22, 35, 38, 47, 20]
2016/11/24	Thursday	[1, 21, 25, 30, 38, 40, 2]
2016/11/23	Wednesday	[12, 22, 25, 30, 35, 44, 43]
2016/11/22	Tuesday	[4, 13, 15, 20, 22, 23, 34]
2016/11/21	Monday	[4, 9, 11, 23, 31, 48, 46]
2016/11/20	Sunday	[7, 8, 17, 20, 38, 47, 16]
2016/11/19	Saturday	[4, 14, 23, 26, 34, 47, 24]
2016/11/18	Friday	[4, 13, 29, 34, 36, 44, 19]
2016/11/17	Thursday	[7, 15, 19, 21, 28, 33, 14]
2016/11/16	Wednesday	[3, 19, 25, 27, 46, 49, 5]
2016/11/15	Tuesday	[3, 6, 14, 16, 26, 43, 9]
2016/11/14	Monday	[1, 6, 20, 38, 43, 44, 32]
2016/11/13	Sunday	[9, 12, 14, 15, 34, 46, 28]
2016/11/12	Saturday	[12, 36, 42, 44, 45, 48, 40]
2016/11/11	Friday	[1, 7, 13, 17, 31, 37, 9]
2016/11/10	Thursday	[4, 11, 19, 32, 36, 48, 49]
2016/11/9	Wednesday	[7, 18, 20, 24, 26, 31, 38]
2016/11/8	Tuesday	[6, 7, 13, 18, 26, 31, 30]
2016/11/7	Monday	[7, 11, 14, 17, 24, 45, 20]
2016/11/6	Sunday	[12, 16, 20, 22, 37, 40, 34]
2016/11/5	Saturday	[4, 15, 16, 20, 26, 35, 46]
2016/11/4	Friday	[7, 11, 12, 26, 38, 43, 15]
2016/11/3	Thursday	[2, 22, 33, 36, 47, 48, 30]
2016/11/2	Wednesday	[16, 17, 18, 20, 23, 25, 3]
2016/11/1	Tuesday	[4, 6, 20, 21, 35, 37, 16]
2016/10/31	Monday	[6, 13, 16, 19, 20, 28, 5]
2016/10/30	Sunday	[7, 17, 30, 32, 43, 45, 44]
2016/10/29	Saturday	[5, 19, 23, 24, 40, 43, 16]
2016/10/28	Friday	[1, 4, 29, 35, 36, 45, 28]
2016/10/27	Thursday	[4, 6, 21, 22, 32, 37, 13]
2016/10/26	Wednesday	[18, 34, 42, 43, 48, 49, 5]
2016/10/25	Tuesday	[4, 8, 13, 41, 42, 45, 24]
2016/10/24	Monday	[2, 7, 14, 17, 32, 46, 26]
2016/10/23	Sunday	[25, 29, 32, 34, 35, 49, 28]
2016/10/22	Saturday	[14, 17, 20, 25, 32, 41, 43]
2016/10/21	Friday	[8, 16, 18, 19, 43, 45, 10]
2016/10/20	Thursday	[2, 9, 16, 22, 36, 42, 13]
2016/10/19	Wednesday	[1, 4, 5, 12, 14, 15, 41]
2016/10/18	Tuesday	[3, 18, 32, 34, 41, 42, 38]
2016/10/17	Monday	[2, 12, 33, 35, 45, 46, 27]
2016/10/16	Sunday	[1, 21, 33, 34, 36, 37, 8]
2016/10/15	Saturday	[21, 22, 25, 28, 30, 42, 8]
2016/10/14	Friday	[11, 17, 20, 31, 32, 43, 16]
2016/10/13	Thursday	[6, 19, 21, 23, 29, 30, 4]
2016/10/12	Wednesday	[11, 12, 14, 19, 24, 37, 15]
2016/10/11	Tuesday	[2, 29, 31, 38, 44, 48, 33]
2016/10/10	Monday	[9, 10, 22, 24, 29, 30, 20]
2016/10/9	Sunday	[1, 17, 20, 21, 35, 36, 12]
2016/10/8	Saturday	[2, 24, 30, 32, 46, 47, 1]
2016/10/7	Friday	[2, 5, 27, 28, 32, 43, 26]
2016/10/6	Thursday	[14, 21, 23, 32, 38, 42, 27]
2016/10/5	Wednesday	[7, 12, 28, 32, 42, 49, 15]
2016/10/4	Tuesday	[2, 12, 24, 26, 31, 42, 46]
2016/10/3	Monday	[2, 6, 15, 17, 31, 47, 41]
2016/10/2	Sunday	[5, 14, 15, 32, 39, 49, 35]
2016/10/1	Saturday	[5, 9, 20, 30, 38, 45, 13]
2016/9/30	Friday	[1, 22, 28, 38, 39, 49, 23]
2016/9/29	Thursday	[4, 9, 12, 31, 38, 41, 21]
2016/9/28	Wednesday	[6, 9, 13, 23, 26, 30, 35]
2016/9/27	Tuesday	[4, 12, 15, 29, 44, 45, 22]
2016/9/26	Monday	[7, 13, 16, 26, 27, 36, 48]
2016/9/25	Sunday	[5, 11, 13, 28, 39, 46, 18]
2016/9/24	Saturday	[1, 3, 4, 19, 27, 30, 34]
2016/9/23	Friday	[6, 11, 15, 31, 35, 44, 24]
2016/9/22	Thursday	[2, 20, 23, 25, 35, 39, 28]
2016/9/21	Wednesday	[6, 7, 10, 16, 30, 47, 33]
2016/9/20	Tuesday	[3, 11, 15, 21, 30, 43, 2]
2016/9/19	Monday	[10, 11, 34, 37, 39, 47, 43]
2016/9/18	Sunday	[6, 8, 11, 16, 25, 42, 40]
2016/9/17	Saturday	[1, 17, 31, 33, 45, 47, 35]
2016/9/16	Friday	[2, 15, 19, 27, 28, 32, 23]
2016/9/15	Thursday	[6, 22, 27, 33, 43, 45, 17]
2016/9/14	Wednesday	[14, 30, 32, 38, 39, 41, 35]
2016/9/13	Tuesday	[6, 39, 40, 43, 44, 49, 22]
2016/9/12	Monday	[1, 14, 17, 22, 31, 45, 19]
2016/9/11	Sunday	[9, 18, 34, 39, 44, 45, 28]
2016/9/10	Saturday	[5, 9, 23, 26, 31, 41, 42]
2016/9/9	Friday	[3, 12, 13, 15, 21, 44, 2]
2016/9/8	Thursday	[6, 13, 21, 35, 46, 47, 49]
2016/9/7	Wednesday	[14, 17, 27, 38, 39, 46, 48]
2016/9/6	Tuesday	[8, 9, 13, 32, 34, 39, 1]
2016/9/5	Monday	[2, 3, 5, 21, 35, 47, 18]
2016/9/4	Sunday	[3, 8, 22, 23, 39, 49, 20]
2016/9/3	Saturday	[14, 15, 19, 24, 27, 45, 21]
2016/9/2	Friday	[12, 14, 16, 36, 41, 47, 33]
2016/9/1	Thursday	[14, 26, 27, 30, 39, 47, 36]
2016/8/31	Wednesday	[13, 17, 21, 24, 33, 41, 6]
2016/8/30	Tuesday	[2, 3, 4, 6, 11, 13, 39]
2016/8/29	Monday	[3, 4, 17, 31, 43, 46, 5]
2016/8/28	Sunday	[6, 10, 15, 30, 38, 48, 11]
2016/8/27	Saturday	[7, 8, 14, 26, 28, 48, 41]
2016/8/26	Friday	[6, 27, 33, 34, 43, 48, 5]
2016/8/25	Thursday	[8, 9, 27, 37, 38, 46, 41]
2016/8/24	Wednesday	[9, 18, 33, 43, 44, 49, 17]
2016/8/23	Tuesday	[3, 5, 9, 19, 23, 29, 1]
2016/8/22	Monday	[13, 15, 23, 28, 36, 46, 29]
2016/8/21	Sunday	[1, 10, 26, 29, 35, 40, 18]
2016/8/20	Saturday	[5, 10, 18, 21, 40, 42, 30]
2016/8/19	Friday	[15, 16, 17, 25, 27, 37, 29]
2016/8/18	Thursday	[5, 14, 15, 26, 35, 45, 46]
2016/8/17	Wednesday	[1, 9, 12, 23, 39, 40, 3]
2016/8/16	Tuesday	[2, 12, 24, 34, 40, 45, 9]
2016/8/15	Monday	[11, 14, 15, 23, 27, 36, 7]
2016/8/14	Sunday	[1, 10, 20, 28, 31, 43, 11]
2016/8/13	Saturday	[6, 7, 11, 14, 16, 23, 45]
2016/8/12	Friday	[5, 8, 11, 37, 39, 46, 42]
2016/8/11	Thursday	[12, 13, 14, 17, 20, 34, 47]
2016/8/10	Wednesday	[16, 21, 32, 33, 34, 48, 31]
2016/8/9	Tuesday	[9, 14, 15, 29, 40, 42, 45]
2016/8/8	Monday	[4, 19, 25, 32, 35, 44, 29]
2016/8/7	Sunday	[8, 9, 21, 23, 25, 36, 26]
2016/8/6	Saturday	[5, 13, 23, 38, 39, 41, 10]
2016/8/5	Friday	[3, 8, 9, 21, 41, 49, 37]
2016/8/4	Thursday	[4, 7, 12, 19, 24, 40, 43]
2016/8/3	Wednesday	[4, 14, 21, 29, 34, 45, 47]
2016/8/2	Tuesday	[2, 14, 31, 40, 44, 47, 3]
2016/8/1	Monday	[11, 23, 24, 31, 33, 43, 28]
2016/7/31	Sunday	[7, 20, 27, 41, 48, 49, 11]
2016/7/30	Saturday	[1, 4, 5, 20, 21, 30, 45]
2016/7/29	Friday	[5, 16, 19, 29, 31, 34, 28]
2016/7/28	Thursday	[9, 13, 16, 26, 37, 45, 12]
2016/7/27	Wednesday	[15, 16, 25, 35, 39, 46, 29]
2016/7/26	Tuesday	[1, 2, 23, 33, 34, 46, 17]
2016/7/25	Monday	[8, 12, 30, 37, 43, 47, 41]
2016/7/24	Sunday	[3, 9, 20, 29, 37, 39, 14]
2016/7/23	Saturday	[11, 21, 26, 27, 28, 45, 29]
2016/7/22	Friday	[4, 11, 23, 25, 44, 47, 46]
2016/7/21	Thursday	[8, 21, 27, 34, 42, 48, 43]
2016/7/20	Wednesday	[13, 20, 22, 23, 27, 30, 37]
2016/7/19	Tuesday	[5, 19, 28, 32, 37, 40, 17]
2016/7/18	Monday	[4, 21, 26, 37, 45, 46, 5]
2016/7/17	Sunday	[14, 16, 31, 33, 38, 40, 20]
2016/7/16	Saturday	[9, 15, 27, 37, 43, 46, 13]
2016/7/15	Friday	[12, 26, 35, 40, 44, 48, 37]
2016/7/14	Thursday	[9, 14, 21, 25, 26, 39, 27]
2016/7/13	Wednesday	[5, 11, 13, 21, 35, 40, 9]
2016/7/12	Tuesday	[19, 32, 38, 39, 46, 47, 22]
2016/7/11	Monday	[16, 17, 20, 42, 48, 49, 32]
2016/7/10	Sunday	[1, 10, 29, 30, 37, 40, 11]
2016/7/9	Saturday	[17, 19, 28, 32, 42, 49, 33]
2016/7/8	Friday	[1, 11, 23, 40, 44, 48, 4]
2016/7/7	Thursday	[15, 23, 24, 29, 31, 43, 44]
2016/7/6	Wednesday	[6, 15, 25, 31, 32, 38, 46]
2016/7/5	Tuesday	[6, 15, 24, 27, 30, 41, 18]
2016/7/4	Monday	[19, 23, 24, 26, 35, 40, 33]
2016/7/3	Sunday	[12, 19, 29, 34, 42, 45, 49]
2016/7/2	Saturday	[3, 12, 17, 25, 28, 29, 44]
2016/7/1	Friday	[6, 22, 26, 31, 32, 38, 29]
2016/6/30	Thursday	[9, 14, 18, 27, 28, 39, 13]
2016/6/29	Wednesday	[4, 17, 33, 39, 45, 47, 3]
2016/6/28	Tuesday	[9, 13, 17, 23, 35, 36, 37]
2016/6/27	Monday	[3, 10, 14, 28, 32, 43, 31]
2016/6/26	Sunday	[3, 8, 9, 15, 25, 37, 47]
2016/6/25	Saturday	[4, 5, 9, 36, 43, 44, 12]
2016/6/24	Friday	[3, 11, 16, 27, 28, 41, 24]
2016/6/23	Thursday	[4, 16, 17, 21, 22, 25, 39]
2016/6/22	Wednesday	[17, 20, 30, 35, 41, 48, 23]
2016/6/21	Tuesday	[4, 7, 8, 9, 34, 35, 40]
2016/6/20	Monday	[9, 25, 27, 30, 39, 43, 41]
2016/6/19	Sunday	[9, 11, 25, 29, 31, 32, 44]
2016/6/18	Saturday	[18, 24, 26, 34, 39, 42, 32]
2016/6/17	Friday	[8, 11, 21, 30, 40, 48, 12]
2016/6/16	Thursday	[7, 21, 30, 37, 41, 47, 23]
2016/6/15	Wednesday	[14, 19, 28, 38, 39, 44, 17]
2016/6/14	Tuesday	[15, 24, 25, 31, 37, 48, 41]
2016/6/13	Monday	[1, 18, 21, 24, 35, 37, 12]
2016/6/12	Sunday	[6, 14, 23, 28, 37, 46, 8]
2016/6/11	Saturday	[2, 8, 20, 27, 32, 35, 10]
2016/6/10	Friday	[7, 8, 15, 20, 27, 38, 12]
2016/6/9	Thursday	[12, 28, 30, 31, 32, 46, 23]
2016/6/8	Wednesday	[8, 14, 20, 31, 35, 43, 28]
2016/6/7	Tuesday	[20, 21, 30, 31, 34, 44, 9]
2016/6/6	Monday	[5, 10, 14, 20, 29, 35, 44]
2016/6/5	Sunday	[9, 16, 17, 21, 24, 26, 37]
2016/6/4	Saturday	[2, 6, 14, 17, 38, 40, 49]
2016/6/3	Friday	[5, 16, 17, 18, 37, 46, 29]
2016/6/2	Thursday	[4, 5, 16, 18, 26, 42, 40]
2016/6/1	Wednesday	[3, 19, 21, 31, 35, 39, 42]
2016/5/31	Tuesday	[1, 2, 14, 31, 38, 41, 21]
2016/5/30	Monday	[4, 11, 28, 31, 43, 49, 37]
2016/5/29	Sunday	[3, 18, 21, 28, 31, 35, 43]
2016/5/28	Saturday	[4, 15, 16, 37, 46, 49, 13]
2016/5/27	Friday	[3, 19, 20, 37, 45, 46, 7]
2016/5/26	Thursday	[4, 7, 8, 24, 27, 31, 22]
2016/5/25	Wednesday	[17, 26, 27, 38, 40, 49, 15]
2016/5/24	Tuesday	[7, 11, 13, 15, 23, 27, 33]
2016/5/23	Monday	[2, 10, 12, 20, 22, 40, 46]
2016/5/22	Sunday	[7, 21, 25, 27, 38, 39, 34]
2016/5/21	Saturday	[9, 16, 25, 27, 34, 45, 5]
2016/5/20	Friday	[18, 24, 28, 36, 42, 47, 32]
2016/5/19	Thursday	[5, 7, 14, 21, 23, 25, 45]
2016/5/18	Wednesday	[8, 12, 16, 33, 34, 45, 35]
2016/5/17	Tuesday	[4, 38, 40, 43, 46, 49, 18]
2016/5/16	Monday	[6, 9, 16, 33, 34, 42, 39]
2016/5/15	Sunday	[6, 7, 13, 18, 34, 41, 35]
2016/5/14	Saturday	[9, 30, 37, 40, 42, 46, 23]
2016/5/13	Friday	[10, 26, 36, 38, 41, 42, 39]
2016/5/12	Thursday	[11, 13, 16, 23, 38, 48, 36]
2016/5/11	Wednesday	[12, 18, 20, 32, 38, 43, 41]
2016/5/10	Tuesday	[3, 6, 20, 44, 46, 47, 31]
2016/5/9	Monday	[1, 9, 10, 16, 26, 29, 27]
2016/5/8	Sunday	[3, 7, 17, 26, 32, 38, 34]
2016/5/7	Saturday	[4, 15, 18, 26, 27, 39, 45]
2016/5/6	Friday	[15, 17, 22, 23, 31, 40, 33]
2016/5/5	Thursday	[8, 18, 20, 23, 38, 41, 10]
2016/5/4	Wednesday	[9, 23, 27, 29, 42, 49, 19]
2016/5/3	Tuesday	[10, 16, 21, 33, 36, 44, 40]
2016/5/2	Monday	[22, 26, 27, 32, 34, 49, 47]
2016/5/1	Sunday	[3, 8, 17, 33, 36, 38, 18]
2016/4/30	Saturday	[4, 6, 20, 33, 35, 44, 9]
2016/4/29	Friday	[13, 19, 38, 43, 44, 45, 46]
2016/4/28	Thursday	[3, 9, 16, 31, 35, 39, 32]
2016/4/27	Wednesday	[4, 22, 26, 27, 40, 46, 35]
2016/4/26	Tuesday	[14, 21, 24, 28, 29, 48, 30]
2016/4/25	Monday	[12, 14, 23, 36, 40, 41, 46]
2016/4/24	Sunday	[19, 27, 29, 32, 37, 45, 24]
2016/4/23	Saturday	[2, 9, 11, 39, 43, 47, 28]
2016/4/22	Friday	[4, 5, 17, 31, 33, 41, 34]
2016/4/21	Thursday	[4, 10, 18, 23, 33, 49, 47]
2016/4/20	Wednesday	[2, 14, 17, 25, 39, 46, 32]
2016/4/19	Tuesday	[1, 6, 7, 10, 13, 22, 39]
2016/4/18	Monday	[3, 15, 35, 40, 41, 45, 12]
2016/4/17	Sunday	[5, 7, 17, 26, 27, 43, 31]
2016/4/16	Saturday	[1, 10, 31, 40, 43, 46, 47]
2016/4/15	Friday	[20, 28, 31, 32, 45, 46, 13]
2016/4/14	Thursday	[2, 12, 32, 33, 39, 46, 29]
2016/4/13	Wednesday	[1, 3, 4, 14, 27, 38, 33]
2016/4/12	Tuesday	[1, 8, 21, 43, 45, 47, 20]
2016/4/11	Monday	[14, 23, 27, 34, 42, 45, 25]
2016/4/10	Sunday	[1, 19, 26, 27, 33, 49, 15]
2016/4/9	Saturday	[1, 3, 7, 11, 36, 49, 13]
2016/4/8	Friday	[11, 13, 15, 34, 36, 47, 45]
2016/4/7	Thursday	[1, 6, 28, 34, 41, 46, 36]
2016/4/6	Wednesday	[14, 33, 34, 42, 45, 48, 16]
2016/4/5	Tuesday	[4, 6, 8, 21, 28, 49, 22]
2016/4/4	Monday	[5, 11, 20, 33, 39, 43, 45]
2016/4/3	Sunday	[4, 27, 28, 38, 39, 40, 6]
2016/4/2	Saturday	[7, 10, 12, 14, 37, 49, 33]
2016/4/1	Friday	[9, 15, 33, 38, 40, 41, 37]
2016/3/31	Thursday	[10, 11, 18, 38, 47, 48, 3]
2016/3/30	Wednesday	[10, 16, 20, 22, 28, 35, 6]
2016/3/29	Tuesday	[1, 6, 10, 12, 42, 47, 45]
2016/3/28	Monday	[13, 15, 16, 21, 26, 34, 47]
2016/3/27	Sunday	[5, 17, 18, 44, 45, 48, 46]
2016/3/26	Saturday	[15, 29, 33, 37, 43, 49, 13]
2016/3/25	Friday	[15, 18, 38, 44, 48, 49, 47]
2016/3/24	Thursday	[1, 4, 13, 34, 37, 41, 46]
2016/3/23	Wednesday	[7, 8, 20, 24, 34, 49, 16]
2016/3/22	Tuesday	[5, 7, 26, 27, 33, 47, 13]
2016/3/21	Monday	[9, 17, 20, 25, 36, 44, 4]
2016/3/20	Sunday	[6, 12, 19, 26, 29, 40, 2]
2016/3/19	Saturday	[20, 33, 36, 37, 43, 45, 18]
2016/3/18	Friday	[1, 2, 6, 21, 33, 34, 26]
2016/3/17	Thursday	[1, 4, 14, 31, 32, 40, 33]
2016/3/16	Wednesday	[7, 16, 20, 29, 46, 48, 39]
2016/3/15	Tuesday	[4, 6, 24, 28, 29, 33, 46]
2016/3/14	Monday	[7, 21, 36, 41, 42, 47, 25]
2016/3/13	Sunday	[17, 19, 21, 25, 36, 46, 20]
2016/3/12	Saturday	[10, 11, 25, 31, 33, 48, 20]
2016/3/11	Friday	[5, 9, 21, 26, 28, 47, 40]
2016/3/10	Thursday	[5, 28, 29, 34, 36, 44, 10]
2016/3/9	Wednesday	[11, 20, 21, 25, 39, 42, 17]
2016/3/8	Tuesday	[2, 13, 15, 16, 32, 33, 48]
2016/3/7	Monday	[2, 28, 29, 30, 36, 46, 39]
2016/3/6	Sunday	[4, 8, 10, 21, 37, 46, 17]
2016/3/5	Saturday	[2, 14, 21, 30, 35, 37, 8]
2016/3/4	Friday	[13, 22, 31, 40, 42, 45, 17]
2016/3/3	Thursday	[13, 26, 29, 40, 42, 47, 41]
2016/3/2	Wednesday	[14, 23, 28, 29, 30, 41, 2]
2016/3/1	Tuesday	[7, 8, 18, 37, 41, 45, 48]
2016/2/29	Monday	[20, 32, 36, 41, 46, 47, 23]
2016/2/28	Sunday	[4, 24, 28, 30, 38, 45, 49]
2016/2/27	Saturday	[2, 18, 30, 32, 44, 49, 10]
2016/2/26	Friday	[17, 26, 37, 42, 43, 44, 22]
2016/2/25	Thursday	[1, 3, 11, 27, 31, 42, 18]
2016/2/24	Wednesday	[9, 23, 25, 29, 31, 42, 17]
2016/2/23	Tuesday	[1, 11, 13, 35, 41, 48, 24]
2016/2/22	Monday	[13, 16, 20, 23, 25, 31, 33]
2016/2/21	Sunday	[2, 17, 23, 24, 38, 39, 26]
2016/2/20	Saturday	[4, 15, 35, 40, 43, 46, 18]
2016/2/19	Friday	[11, 23, 30, 36, 40, 46, 25]
2016/2/18	Thursday	[1, 18, 24, 26, 29, 38, 22]
2016/2/17	Wednesday	[2, 15, 23, 36, 46, 49, 30]
2016/2/16	Tuesday	[6, 14, 37, 38, 39, 45, 8]
2016/2/15	Monday	[15, 17, 35, 36, 42, 45, 16]
2016/2/14	Sunday	[18, 32, 33, 36, 40, 44, 20]
2016/2/13	Saturday	[6, 14, 22, 28, 32, 43, 46]
2016/2/12	Friday	[2, 15, 16, 30, 32, 34, 40]
2016/2/11	Thursday	[4, 13, 17, 23, 34, 49, 21]
2016/2/10	Wednesday	[30, 39, 40, 42, 46, 48, 24]
2016/2/9	Tuesday	[3, 6, 7, 22, 29, 42, 20]
2016/2/8	Monday	[2, 4, 23, 27, 38, 47, 7]
2016/2/7	Sunday	[12, 14, 16, 29, 35, 48, 28]
2016/2/6	Saturday	[3, 5, 11, 42, 43, 44, 24]
2016/2/5	Friday	[4, 6, 14, 28, 40, 43, 10]
2016/2/4	Thursday	[1, 11, 19, 21, 22, 49, 20]
2016/2/3	Wednesday	[10, 12, 26, 27, 40, 48, 43]
2016/2/2	Tuesday	[15, 16, 19, 23, 33, 44, 11]
2016/2/1	Monday	[14, 26, 32, 41, 46, 47, 10]
2016/1/31	Sunday	[5, 15, 19, 41, 45, 48, 35]
2016/1/30	Saturday	[5, 13, 14, 35, 46, 48, 15]
2016/1/29	Friday	[10, 11, 17, 30, 43, 47, 5]
2016/1/28	Thursday	[3, 9, 11, 14, 17, 33, 8]
2016/1/27	Wednesday	[10, 27, 31, 35, 38, 49, 14]
2016/1/26	Tuesday	[8, 15, 16, 19, 22, 27, 21]
2016/1/25	Monday	[16, 27, 30, 36, 42, 45, 6]
2016/1/24	Sunday	[2, 8, 14, 15, 27, 39, 48]
2016/1/23	Saturday	[3, 15, 23, 24, 28, 32, 5]
2016/1/22	Friday	[15, 17, 24, 31, 44, 46, 37]
2016/1/21	Thursday	[21, 24, 26, 36, 42, 49, 45]
2016/1/19	Tuesday	[12, 20, 32, 34, 41, 46, 10]
2016/1/18	Monday	[1, 9, 12, 13, 27, 39, 32]
2016/1/17	Sunday	[5, 7, 24, 25, 30, 40, 39]
2016/1/16	Saturday	[6, 10, 21, 30, 32, 47, 31]
2016/1/15	Friday	[13, 14, 19, 24, 40, 43, 45]
2016/1/14	Thursday	[10, 11, 30, 38, 40, 41, 42]
2016/1/13	Wednesday	[2, 13, 16, 21, 45, 47, 5]
2016/1/12	Tuesday	[4, 12, 20, 25, 30, 45, 13]
2016/1/11	Monday	[1, 13, 18, 30, 33, 35, 9]
2016/1/10	Sunday	[1, 5, 6, 11, 36, 48, 49]
2016/1/9	Saturday	[5, 19, 24, 37, 43, 47, 31]
2016/1/8	Friday	[5, 10, 12, 21, 33, 34, 46]
2016/1/7	Thursday	[24, 28, 39, 45, 48, 49, 23]
2016/1/6	Wednesday	[3, 17, 22, 25, 42, 46, 37]
2016/1/5	Tuesday	[3, 9, 13, 15, 41, 45, 38]
2016/1/4	Monday	[3, 16, 25, 34, 39, 47, 8]
2016/1/3	Sunday	[6, 15, 18, 34, 40, 41, 16]
2016/1/2	Saturday	[10, 12, 17, 19, 28, 37, 22]
2016/1/1	Friday	[9, 19, 20, 28, 39, 40, 8]
