Date	Day	result
2015/12/31	Thursday	[2, 4, 13, 25, 29, 30, 39]
2015/12/30	Wednesday	[5, 6, 16, 19, 22, 33, 17]
2015/12/29	Tuesday	[8, 15, 17, 39, 46, 49, 27]
2015/12/28	Monday	[4, 7, 16, 17, 20, 35, 38]
2015/12/27	Sunday	[3, 11, 15, 25, 38, 41, 1]
2015/12/26	Saturday	[18, 27, 29, 34, 39, 45, 3]
2015/12/24	Thursday	[2, 7, 14, 29, 39, 49, 4]
2015/12/23	Wednesday	[5, 12, 15, 22, 45, 47, 2]
2015/12/22	Tuesday	[1, 6, 36, 43, 44, 46, 9]
2015/12/21	Monday	[10, 21, 37, 40, 44, 47, 43]
2015/12/20	Sunday	[6, 15, 37, 38, 39, 44, 28]
2015/12/19	Saturday	[1, 7, 9, 31, 33, 48, 36]
2015/12/18	Friday	[7, 8, 12, 18, 23, 49, 39]
2015/12/17	Thursday	[3, 13, 16, 22, 29, 49, 9]
2015/12/16	Wednesday	[6, 7, 9, 10, 12, 19, 42]
2015/12/15	Tuesday	[2, 10, 17, 18, 24, 31, 43]
2015/12/14	Monday	[2, 14, 22, 24, 25, 28, 46]
2015/12/13	Sunday	[17, 20, 32, 34, 39, 49, 16]
2015/12/12	Saturday	[6, 12, 18, 26, 35, 44, 42]
2015/12/11	Friday	[6, 12, 19, 37, 40, 48, 1]
2015/12/10	Thursday	[3, 5, 25, 29, 37, 49, 32]
2015/12/9	Wednesday	[23, 25, 28, 29, 42, 43, 10]
2015/12/8	Tuesday	[1, 11, 14, 21, 29, 47, 28]
2015/12/7	Monday	[13, 21, 23, 27, 31, 42, 1]
2015/12/6	Sunday	[3, 20, 22, 24, 31, 35, 26]
2015/12/5	Saturday	[1, 6, 17, 20, 23, 34, 41]
2015/12/4	Friday	[17, 20, 21, 24, 39, 40, 34]
2015/12/3	Thursday	[6, 14, 17, 19, 27, 47, 21]
2015/12/2	Wednesday	[1, 3, 31, 38, 43, 48, 9]
2015/12/1	Tuesday	[4, 10, 23, 33, 37, 43, 32]
2015/11/30	Monday	[22, 24, 31, 40, 41, 42, 46]
2015/11/29	Sunday	[2, 4, 6, 7, 33, 49, 26]
2015/11/28	Saturday	[10, 12, 24, 27, 36, 48, 5]
2015/11/27	Friday	[4, 5, 18, 31, 32, 44, 35]
2015/11/26	Thursday	[4, 8, 10, 19, 22, 38, 24]
2015/11/25	Wednesday	[5, 12, 22, 30, 32, 37, 19]
2015/11/24	Tuesday	[1, 5, 11, 13, 34, 40, 28]
2015/11/23	Monday	[8, 28, 29, 38, 41, 44, 1]
2015/11/22	Sunday	[22, 31, 34, 37, 38, 46, 41]
2015/11/21	Saturday	[8, 23, 32, 40, 45, 48, 46]
2015/11/20	Friday	[5, 27, 30, 33, 34, 46, 24]
2015/11/19	Thursday	[6, 9, 17, 28, 35, 46, 16]
2015/11/18	Wednesday	[5, 7, 17, 19, 31, 37, 4]
2015/11/17	Tuesday	[13, 16, 23, 26, 36, 48, 34]
2015/11/16	Monday	[14, 21, 22, 29, 44, 49, 28]
2015/11/15	Sunday	[3, 5, 9, 43, 45, 47, 30]
2015/11/14	Saturday	[1, 13, 16, 21, 34, 35, 23]
2015/11/13	Friday	[10, 18, 30, 39, 40, 45, 8]
2015/11/12	Thursday	[1, 19, 26, 32, 37, 40, 28]
2015/11/11	Wednesday	[1, 6, 14, 21, 26, 48, 9]
2015/11/10	Tuesday	[7, 15, 16, 37, 41, 46, 30]
2015/11/9	Monday	[15, 21, 30, 35, 38, 42, 46]
2015/11/8	Sunday	[8, 10, 14, 16, 24, 29, 25]
2015/11/7	Saturday	[12, 20, 21, 23, 41, 49, 14]
2015/11/6	Friday	[1, 35, 41, 43, 44, 47, 21]
2015/11/5	Thursday	[10, 16, 18, 32, 37, 40, 25]
2015/11/4	Wednesday	[17, 21, 25, 34, 37, 38, 24]
2015/11/3	Tuesday	[1, 17, 18, 30, 33, 34, 39]
2015/11/2	Monday	[1, 8, 13, 22, 28, 34, 40]
2015/11/1	Sunday	[14, 22, 27, 30, 41, 42, 21]
2015/10/31	Saturday	[6, 10, 20, 24, 37, 42, 29]
2015/10/30	Friday	[5, 12, 14, 19, 22, 43, 1]
2015/10/29	Thursday	[1, 22, 36, 38, 40, 44, 15]
2015/10/28	Wednesday	[23, 26, 27, 39, 45, 46, 5]
2015/10/27	Tuesday	[2, 8, 24, 39, 42, 43, 37]
2015/10/26	Monday	[13, 28, 29, 32, 34, 48, 47]
2015/10/25	Sunday	[5, 30, 32, 33, 38, 44, 2]
2015/10/24	Saturday	[1, 11, 28, 33, 43, 47, 6]
2015/10/23	Friday	[1, 5, 8, 20, 22, 29, 4]
2015/10/22	Thursday	[15, 23, 34, 39, 42, 43, 17]
2015/10/21	Wednesday	[9, 21, 24, 33, 36, 45, 29]
2015/10/20	Tuesday	[25, 26, 35, 38, 45, 49, 19]
2015/10/19	Monday	[1, 2, 15, 37, 43, 49, 31]
2015/10/18	Sunday	[4, 34, 37, 40, 45, 46, 44]
2015/10/17	Saturday	[7, 28, 33, 35, 39, 44, 34]
2015/10/16	Friday	[4, 5, 6, 8, 17, 27, 19]
2015/10/15	Thursday	[15, 26, 35, 39, 46, 48, 34]
2015/10/14	Wednesday	[7, 16, 21, 23, 27, 36, 18]
2015/10/13	Tuesday	[5, 23, 27, 32, 45, 46, 18]
2015/10/12	Monday	[2, 17, 31, 42, 44, 48, 6]
2015/10/11	Sunday	[6, 8, 10, 11, 24, 39, 2]
2015/10/10	Saturday	[6, 18, 23, 26, 31, 43, 7]
2015/10/9	Friday	[6, 13, 15, 22, 33, 46, 16]
2015/10/8	Thursday	[1, 6, 15, 25, 27, 41, 4]
2015/10/7	Wednesday	[3, 7, 11, 12, 24, 26, 37]
2015/10/6	Tuesday	[7, 18, 23, 31, 35, 46, 45]
2015/10/5	Monday	[7, 16, 18, 23, 40, 48, 43]
2015/10/4	Sunday	[4, 11, 14, 15, 26, 31, 9]
2015/10/3	Saturday	[6, 17, 20, 43, 44, 48, 14]
2015/10/2	Friday	[15, 23, 26, 33, 40, 41, 17]
2015/10/1	Thursday	[2, 9, 11, 14, 26, 33, 25]
2015/9/30	Wednesday	[3, 7, 11, 25, 41, 45, 29]
2015/9/29	Tuesday	[6, 17, 32, 33, 41, 43, 37]
2015/9/28	Monday	[14, 17, 23, 25, 31, 32, 29]
2015/9/27	Sunday	[5, 23, 40, 44, 45, 46, 18]
2015/9/26	Saturday	[2, 3, 21, 26, 41, 42, 4]
2015/9/25	Friday	[8, 11, 16, 20, 26, 28, 27]
2015/9/24	Thursday	[1, 13, 15, 36, 48, 49, 6]
2015/9/23	Wednesday	[2, 7, 8, 14, 16, 20, 21]
2015/9/22	Tuesday	[1, 9, 12, 18, 42, 45, 25]
2015/9/21	Monday	[3, 12, 23, 31, 48, 49, 15]
2015/9/20	Sunday	[5, 23, 24, 29, 41, 46, 45]
2015/9/19	Saturday	[6, 8, 21, 30, 38, 47, 11]
2015/9/18	Friday	[10, 35, 39, 41, 42, 48, 27]
2015/9/17	Thursday	[8, 18, 21, 32, 43, 47, 3]
2015/9/16	Wednesday	[16, 22, 23, 27, 29, 33, 11]
2015/9/15	Tuesday	[1, 16, 23, 31, 35, 37, 8]
2015/9/14	Monday	[10, 11, 14, 29, 34, 43, 25]
2015/9/13	Sunday	[4, 7, 14, 29, 41, 48, 9]
2015/9/12	Saturday	[3, 25, 27, 30, 44, 48, 42]
2015/9/11	Friday	[2, 6, 12, 25, 33, 42, 26]
2015/9/10	Thursday	[5, 9, 12, 28, 32, 46, 31]
2015/9/9	Wednesday	[4, 5, 25, 32, 34, 42, 45]
2015/9/8	Tuesday	[1, 9, 14, 35, 38, 44, 24]
2015/9/7	Monday	[12, 17, 19, 31, 33, 38, 25]
2015/9/6	Sunday	[6, 16, 18, 22, 28, 31, 33]
2015/9/5	Saturday	[11, 14, 19, 34, 38, 42, 26]
2015/9/4	Friday	[3, 16, 21, 25, 28, 33, 9]
2015/9/3	Thursday	[1, 3, 18, 27, 33, 45, 2]
2015/9/2	Wednesday	[1, 4, 12, 13, 39, 41, 10]
2015/9/1	Tuesday	[2, 3, 6, 12, 37, 42, 44]
2015/8/31	Monday	[5, 6, 13, 19, 39, 44, 47]
2015/8/30	Sunday	[1, 20, 38, 41, 44, 45, 19]
2015/8/29	Saturday	[3, 12, 16, 28, 29, 32, 26]
2015/8/28	Friday	[6, 9, 21, 34, 35, 38, 24]
2015/8/27	Thursday	[16, 17, 19, 25, 45, 46, 27]
2015/8/26	Wednesday	[6, 7, 22, 26, 33, 41, 42]
2015/8/25	Tuesday	[8, 19, 21, 27, 34, 37, 43]
2015/8/24	Monday	[2, 4, 10, 36, 39, 49, 34]
2015/8/23	Sunday	[3, 7, 9, 18, 26, 33, 11]
2015/8/22	Saturday	[1, 14, 29, 30, 41, 45, 23]
2015/8/21	Friday	[12, 17, 20, 28, 42, 46, 1]
2015/8/20	Thursday	[26, 29, 31, 35, 47, 48, 40]
2015/8/19	Wednesday	[15, 18, 28, 33, 38, 40, 27]
2015/8/18	Tuesday	[4, 6, 7, 20, 34, 35, 19]
2015/8/17	Monday	[2, 5, 11, 26, 36, 45, 21]
2015/8/16	Sunday	[5, 8, 23, 36, 37, 44, 31]
2015/8/15	Saturday	[7, 9, 11, 16, 19, 29, 33]
2015/8/14	Friday	[7, 16, 28, 31, 40, 46, 26]
2015/8/13	Thursday	[4, 18, 28, 29, 32, 45, 34]
2015/8/12	Wednesday	[5, 7, 9, 11, 19, 47, 6]
2015/8/11	Tuesday	[17, 27, 31, 41, 44, 47, 5]
2015/8/10	Monday	[7, 11, 21, 36, 46, 49, 15]
2015/8/9	Sunday	[10, 11, 17, 18, 21, 43, 25]
2015/8/8	Saturday	[10, 17, 21, 35, 37, 49, 3]
2015/8/7	Friday	[3, 23, 32, 38, 41, 46, 19]
2015/8/6	Thursday	[1, 2, 11, 22, 23, 45, 7]
2015/8/5	Wednesday	[7, 18, 24, 25, 44, 49, 41]
2015/8/4	Tuesday	[2, 8, 14, 18, 41, 45, 36]
2015/8/3	Monday	[9, 22, 34, 40, 45, 47, 15]
2015/8/2	Sunday	[11, 12, 18, 21, 32, 48, 2]
2015/8/1	Saturday	[4, 11, 27, 28, 31, 40, 42]
2015/7/31	Friday	[13, 19, 35, 37, 44, 46, 25]
2015/7/30	Thursday	[1, 4, 5, 6, 11, 46, 45]
2015/7/29	Wednesday	[10, 11, 12, 21, 29, 31, 7]
2015/7/28	Tuesday	[1, 12, 15, 21, 24, 46, 14]
2015/7/27	Monday	[14, 15, 29, 34, 36, 39, 33]
2015/7/26	Sunday	[3, 16, 17, 22, 31, 37, 26]
2015/7/25	Saturday	[3, 9, 10, 14, 18, 20, 17]
2015/7/24	Friday	[5, 6, 27, 30, 33, 44, 1]
2015/7/23	Thursday	[6, 11, 13, 18, 27, 42, 17]
2015/7/22	Wednesday	[9, 29, 31, 35, 46, 48, 10]
2015/7/21	Tuesday	[12, 15, 28, 38, 46, 49, 45]
2015/7/20	Monday	[7, 15, 28, 32, 48, 49, 31]
2015/7/19	Sunday	[6, 19, 20, 31, 32, 35, 1]
2015/7/18	Saturday	[19, 22, 24, 30, 45, 47, 13]
2015/7/17	Friday	[11, 18, 24, 34, 37, 46, 33]
2015/7/16	Thursday	[9, 11, 24, 41, 43, 46, 12]
2015/7/15	Wednesday	[6, 9, 14, 15, 25, 32, 27]
2015/7/14	Tuesday	[2, 8, 13, 29, 37, 41, 26]
2015/7/13	Monday	[4, 15, 19, 32, 36, 49, 23]
2015/7/12	Sunday	[9, 26, 27, 31, 36, 39, 10]
2015/7/11	Saturday	[6, 11, 12, 16, 42, 49, 3]
2015/7/10	Friday	[6, 9, 11, 15, 20, 44, 39]
2015/7/9	Thursday	[1, 11, 17, 28, 29, 45, 22]
2015/7/8	Wednesday	[16, 21, 32, 38, 39, 46, 20]
2015/7/7	Tuesday	[6, 28, 38, 46, 47, 49, 9]
2015/7/6	Monday	[20, 21, 29, 32, 36, 38, 9]
2015/7/5	Sunday	[1, 3, 26, 33, 36, 39, 8]
2015/7/4	Saturday	[3, 5, 11, 19, 44, 49, 16]
2015/7/3	Friday	[4, 13, 24, 31, 34, 49, 25]
2015/7/2	Thursday	[24, 28, 29, 30, 41, 42, 40]
2015/7/1	Wednesday	[27, 28, 33, 38, 40, 43, 45]
2015/6/30	Tuesday	[13, 17, 20, 24, 32, 38, 21]
2015/6/29	Monday	[5, 6, 33, 36, 46, 49, 2]
2015/6/28	Sunday	[20, 27, 28, 30, 37, 49, 45]
2015/6/27	Saturday	[2, 9, 28, 37, 46, 48, 18]
2015/6/26	Friday	[16, 28, 32, 36, 40, 41, 34]
2015/6/25	Thursday	[22, 23, 29, 37, 45, 46, 41]
2015/6/24	Wednesday	[7, 16, 22, 23, 25, 29, 2]
2015/6/23	Tuesday	[9, 21, 23, 32, 35, 40, 2]
2015/6/22	Monday	[7, 8, 34, 42, 43, 48, 16]
2015/6/21	Sunday	[1, 14, 20, 21, 34, 37, 27]
2015/6/20	Saturday	[4, 5, 8, 41, 47, 48, 28]
2015/6/19	Friday	[4, 12, 23, 28, 35, 44, 31]
2015/6/18	Thursday	[1, 6, 10, 18, 25, 29, 21]
2015/6/17	Wednesday	[2, 8, 14, 24, 25, 31, 43]
2015/6/16	Tuesday	[13, 14, 25, 28, 36, 42, 5]
2015/6/15	Monday	[6, 11, 19, 22, 31, 47, 18]
2015/6/14	Sunday	[12, 19, 20, 21, 25, 28, 45]
2015/6/13	Saturday	[9, 23, 31, 35, 39, 49, 40]
2015/6/12	Friday	[1, 8, 14, 19, 25, 46, 49]
2015/6/11	Thursday	[19, 33, 37, 40, 44, 47, 1]
2015/6/10	Wednesday	[5, 15, 24, 29, 32, 40, 30]
2015/6/9	Tuesday	[1, 19, 24, 25, 29, 44, 2]
2015/6/8	Monday	[10, 27, 28, 33, 40, 48, 3]
2015/6/7	Sunday	[7, 8, 14, 24, 29, 44, 25]
2015/6/6	Saturday	[4, 18, 27, 29, 33, 45, 21]
2015/6/5	Friday	[2, 7, 10, 23, 26, 29, 18]
2015/6/4	Thursday	[16, 19, 20, 26, 42, 45, 3]
2015/6/3	Wednesday	[9, 17, 23, 25, 35, 48, 33]
2015/6/2	Tuesday	[2, 5, 10, 24, 36, 47, 46]
2015/6/1	Monday	[13, 24, 33, 36, 37, 41, 42]
2015/5/31	Sunday	[4, 9, 22, 26, 34, 43, 5]
2015/5/30	Saturday	[1, 6, 19, 40, 41, 42, 13]
2015/5/29	Friday	[2, 3, 5, 7, 11, 44, 47]
2015/5/28	Thursday	[10, 11, 12, 33, 34, 49, 16]
2015/5/27	Wednesday	[1, 14, 25, 35, 37, 40, 24]
2015/5/26	Tuesday	[9, 13, 14, 21, 39, 49, 27]
2015/5/25	Monday	[3, 23, 30, 32, 35, 48, 12]
2015/5/24	Sunday	[6, 13, 15, 28, 32, 34, 38]
2015/5/23	Saturday	[6, 15, 21, 30, 37, 46, 40]
2015/5/22	Friday	[13, 17, 26, 28, 46, 47, 9]
2015/5/21	Thursday	[18, 28, 31, 41, 45, 47, 13]
2015/5/20	Wednesday	[5, 9, 10, 17, 18, 31, 3]
2015/5/19	Tuesday	[5, 8, 15, 18, 27, 37, 14]
2015/5/18	Monday	[11, 20, 27, 28, 37, 42, 45]
2015/5/17	Sunday	[4, 29, 32, 33, 40, 43, 26]
2015/5/16	Saturday	[18, 21, 28, 39, 43, 49, 48]
2015/5/15	Friday	[11, 17, 18, 37, 38, 42, 7]
2015/5/14	Thursday	[2, 9, 24, 33, 41, 43, 19]
2015/5/13	Wednesday	[14, 25, 31, 32, 34, 37, 16]
2015/5/12	Tuesday	[1, 2, 16, 19, 26, 41, 37]
2015/5/11	Monday	[1, 4, 17, 21, 31, 38, 29]
2015/5/10	Sunday	[11, 32, 35, 37, 44, 47, 22]
2015/5/9	Saturday	[17, 22, 23, 29, 34, 45, 24]
2015/5/8	Friday	[11, 24, 27, 37, 46, 47, 17]
2015/5/7	Thursday	[23, 24, 32, 35, 37, 44, 6]
2015/5/6	Wednesday	[13, 29, 31, 38, 43, 47, 10]
2015/5/5	Tuesday	[1, 5, 9, 36, 38, 44, 49]
2015/5/4	Monday	[2, 4, 21, 22, 30, 35, 15]
2015/5/2	Saturday	[3, 9, 12, 20, 27, 40, 39]
2015/5/1	Friday	[2, 9, 23, 34, 42, 43, 36]
2015/4/30	Thursday	[12, 16, 22, 37, 41, 49, 31]
2015/4/29	Wednesday	[5, 7, 12, 23, 36, 42, 16]
2015/4/28	Tuesday	[10, 11, 17, 20, 21, 41, 28]
2015/4/27	Monday	[14, 18, 24, 25, 29, 33, 27]
2015/4/26	Sunday	[18, 19, 20, 22, 34, 41, 37]
2015/4/25	Saturday	[5, 11, 19, 24, 28, 40, 48]
2015/4/24	Friday	[1, 13, 17, 18, 27, 45, 12]
2015/4/23	Thursday	[9, 17, 19, 21, 36, 43, 4]
2015/4/22	Wednesday	[11, 15, 20, 26, 30, 44, 6]
2015/4/21	Tuesday	[13, 15, 16, 20, 34, 48, 39]
2015/4/20	Monday	[6, 19, 34, 36, 39, 44, 14]
2015/4/19	Sunday	[1, 14, 28, 29, 32, 46, 42]
2015/4/18	Saturday	[7, 14, 24, 26, 43, 47, 13]
2015/4/17	Friday	[5, 11, 12, 32, 42, 46, 1]
2015/4/16	Thursday	[1, 3, 16, 28, 36, 49, 26]
2015/4/15	Wednesday	[2, 3, 11, 15, 23, 38, 48]
2015/4/14	Tuesday	[3, 7, 9, 11, 13, 38, 14]
2015/4/13	Monday	[2, 10, 11, 29, 36, 49, 20]
2015/4/12	Sunday	[11, 13, 17, 20, 26, 28, 45]
2015/4/11	Saturday	[3, 10, 23, 29, 39, 41, 17]
2015/4/10	Friday	[8, 13, 28, 33, 37, 39, 23]
2015/4/9	Thursday	[2, 14, 22, 31, 36, 40, 6]
2015/4/8	Wednesday	[5, 16, 17, 35, 38, 47, 23]
2015/4/7	Tuesday	[3, 12, 16, 42, 46, 48, 36]
2015/4/6	Monday	[12, 14, 23, 24, 39, 45, 35]
2015/4/5	Sunday	[6, 16, 17, 23, 24, 48, 43]
2015/4/4	Saturday	[1, 3, 4, 20, 31, 44, 21]
2015/4/3	Friday	[5, 6, 26, 27, 38, 43, 11]
2015/4/2	Thursday	[5, 28, 41, 42, 43, 44, 45]
2015/4/1	Wednesday	[10, 11, 16, 38, 41, 45, 22]
2015/3/31	Tuesday	[5, 8, 22, 25, 30, 35, 7]
2015/3/30	Monday	[1, 2, 40, 46, 47, 48, 35]
2015/3/29	Sunday	[1, 8, 17, 27, 48, 49, 35]
2015/3/28	Saturday	[17, 20, 22, 24, 32, 46, 10]
2015/3/27	Friday	[12, 26, 30, 32, 33, 43, 13]
2015/3/26	Thursday	[2, 8, 32, 34, 36, 48, 3]
2015/3/25	Wednesday	[4, 11, 18, 21, 30, 31, 35]
2015/3/24	Tuesday	[3, 6, 8, 11, 13, 28, 9]
2015/3/23	Monday	[6, 18, 20, 28, 40, 43, 22]
2015/3/22	Sunday	[5, 33, 37, 45, 46, 49, 16]
2015/3/21	Saturday	[9, 12, 25, 30, 37, 44, 24]
2015/3/20	Friday	[7, 21, 31, 36, 45, 48, 24]
2015/3/19	Thursday	[3, 11, 13, 15, 22, 33, 10]
2015/3/18	Wednesday	[11, 13, 17, 23, 25, 32, 40]
2015/3/17	Tuesday	[10, 13, 19, 20, 23, 31, 47]
2015/3/16	Monday	[7, 19, 20, 21, 32, 33, 13]
2015/3/15	Sunday	[6, 12, 35, 40, 46, 49, 26]
2015/3/14	Saturday	[7, 10, 14, 15, 39, 42, 46]
2015/3/13	Friday	[6, 15, 35, 39, 44, 47, 33]
2015/3/12	Thursday	[1, 2, 6, 8, 26, 39, 46]
2015/3/11	Wednesday	[1, 14, 23, 28, 41, 45, 9]
2015/3/10	Tuesday	[8, 11, 19, 27, 45, 46, 39]
2015/3/9	Monday	[10, 14, 23, 24, 44, 49, 34]
2015/3/8	Sunday	[22, 32, 34, 46, 47, 49, 39]
2015/3/7	Saturday	[15, 20, 28, 35, 43, 44, 22]
2015/3/6	Friday	[5, 10, 15, 40, 47, 48, 21]
2015/3/5	Thursday	[15, 17, 21, 28, 31, 43, 13]
2015/3/4	Wednesday	[4, 12, 15, 29, 34, 45, 6]
2015/3/3	Tuesday	[4, 13, 19, 23, 26, 49, 44]
2015/3/2	Monday	[7, 11, 15, 18, 23, 31, 40]
2015/3/1	Sunday	[23, 28, 31, 44, 45, 49, 4]
2015/2/28	Saturday	[14, 16, 33, 36, 38, 40, 15]
2015/2/27	Friday	[7, 10, 14, 15, 23, 37, 39]
2015/2/26	Thursday	[3, 6, 9, 18, 27, 43, 21]
2015/2/25	Wednesday	[5, 10, 18, 37, 42, 46, 36]
2015/2/24	Tuesday	[23, 25, 26, 28, 37, 39, 36]
2015/2/23	Monday	[10, 12, 24, 32, 39, 49, 2]
2015/2/22	Sunday	[1, 9, 12, 22, 47, 48, 38]
2015/2/21	Saturday	[12, 16, 17, 23, 41, 48, 27]
2015/2/20	Friday	[4, 12, 16, 22, 29, 36, 43]
2015/2/19	Thursday	[2, 26, 31, 33, 42, 49, 6]
2015/2/18	Wednesday	[5, 7, 27, 34, 36, 40, 8]
2015/2/17	Tuesday	[10, 15, 24, 32, 34, 49, 31]
2015/2/15	Sunday	[11, 20, 22, 24, 30, 49, 32]
2015/2/14	Saturday	[9, 23, 27, 29, 36, 37, 15]
2015/2/13	Friday	[18, 22, 24, 25, 27, 47, 9]
2015/2/12	Thursday	[10, 30, 32, 34, 37, 48, 20]
2015/2/11	Wednesday	[3, 5, 18, 33, 40, 44, 35]
2015/2/10	Tuesday	[5, 10, 26, 28, 30, 31, 20]
2015/2/9	Monday	[1, 3, 10, 19, 25, 39, 31]
2015/2/8	Sunday	[6, 10, 30, 34, 35, 44, 12]
2015/2/7	Saturday	[5, 8, 11, 30, 41, 45, 4]
2015/2/6	Friday	[15, 22, 28, 45, 46, 47, 25]
2015/2/5	Thursday	[17, 18, 41, 44, 47, 49, 19]
2015/2/4	Wednesday	[4, 9, 15, 25, 38, 46, 35]
2015/2/3	Tuesday	[6, 18, 23, 35, 40, 42, 44]
2015/2/2	Monday	[9, 10, 22, 23, 26, 32, 35]
2015/2/1	Sunday	[1, 18, 33, 38, 47, 48, 36]
2015/1/31	Saturday	[8, 9, 13, 18, 22, 26, 6]
2015/1/30	Friday	[9, 10, 23, 27, 28, 46, 31]
2015/1/29	Thursday	[21, 22, 29, 40, 41, 46, 38]
2015/1/28	Wednesday	[8, 14, 16, 20, 25, 34, 31]
2015/1/27	Tuesday	[1, 8, 11, 22, 30, 38, 46]
2015/1/26	Monday	[14, 16, 19, 22, 32, 44, 10]
2015/1/25	Sunday	[7, 18, 26, 42, 44, 49, 9]
2015/1/24	Saturday	[6, 10, 11, 12, 16, 40, 27]
2015/1/23	Friday	[6, 18, 21, 23, 25, 33, 40]
2015/1/22	Thursday	[2, 11, 14, 17, 33, 43, 38]
2015/1/21	Wednesday	[15, 16, 24, 36, 44, 45, 14]
2015/1/20	Tuesday	[4, 5, 10, 12, 16, 30, 2]
2015/1/19	Monday	[1, 3, 9, 12, 21, 45, 42]
2015/1/18	Sunday	[10, 12, 19, 37, 41, 46, 4]
2015/1/17	Saturday	[1, 4, 9, 17, 25, 30, 21]
2015/1/16	Friday	[7, 9, 12, 28, 36, 44, 13]
2015/1/15	Thursday	[3, 14, 17, 18, 26, 28, 42]
2015/1/14	Wednesday	[15, 31, 38, 45, 47, 48, 44]
2015/1/13	Tuesday	[5, 11, 27, 29, 39, 43, 13]
2015/1/12	Monday	[7, 9, 10, 23, 30, 33, 39]
2015/1/11	Sunday	[9, 14, 26, 27, 46, 47, 4]
2015/1/10	Saturday	[10, 16, 25, 28, 42, 48, 15]
2015/1/9	Friday	[7, 17, 18, 35, 38, 41, 5]
2015/1/8	Thursday	[3, 4, 7, 24, 42, 47, 25]
2015/1/7	Wednesday	[6, 7, 8, 9, 14, 35, 27]
2015/1/6	Tuesday	[14, 15, 30, 36, 43, 49, 9]
2015/1/5	Monday	[5, 6, 16, 25, 26, 49, 47]
2015/1/4	Sunday	[1, 10, 18, 29, 34, 48, 36]
2015/1/3	Saturday	[8, 9, 27, 42, 46, 48, 22]
2015/1/2	Friday	[3, 14, 16, 17, 22, 40, 4]
2015/1/1	Thursday	[9, 14, 25, 30, 31, 49, 20]
